            acc 0.000000000000000 0.035763457412543 0.004662373728256 0.355897000869383
         accErr 0.000000000000000 0.000287891516231 0.002740989645108 0.002287592943531
        AccErr1 0.000000082881525 -0.000000002431451 -0.000000381628209 0.000000000000000
        AccErr2 -0.000000002431451 0.000007513024235 0.000000077211242 0.000000000000000
        AccErr3 -0.000000381628209 0.000000077211242 0.000005233081475 0.000000000000000
        AccErr4 157620049323601718875242954541230016625899120576512197269531194946757131996197429240887599158411392578986035468304384.000000000000000    0.000000000000000    0.000000000000000    0.000000000000000
           reco 0.054816814165262 -0.001456796810759 0.125977495693862 0.018391875314942 -0.101445787014623 -0.012627146688468 0.006267427478333
        recoErr 0.000273066249203 0.001474012165880 0.006454133336744 0.010834777341524 0.029282224827818 0.015809077435881 0.032035350356585
       RecoErr1 0.000000074565176 -0.000000000146111 -0.000001217854225 -0.000000004748619 0.000004231876888 0.000000017147617 -0.000003759692947
       RecoErr2 -0.000000000146111 0.000002172711865 -0.000000001790433 -0.000013721414937 -0.000000003512557 0.000016594002415 -0.000000005589868
       RecoErr3 -0.000001217854225 -0.000000001790433 0.000041655837128 0.000000247591774 -0.000175834349285 -0.000000825194260 0.000170957643624
       RecoErr4 -0.000000004748619 -0.000013721414937 0.000000247591774 0.000117392400040 -0.000000655642201 -0.000161474772020 0.000000240447434
       RecoErr5 0.000004231876888 -0.000000003512557 -0.000175834349285 -0.000000655642201 0.000857448690867 0.000003072922989 -0.000905232565920
       RecoErr6 0.000000017147617 0.000016594002415 -0.000000825194260 -0.000161474772020 0.000003072922989 0.000249926929374 -0.000001358950886
       RecoErr7 -0.000003759692947 -0.000000005589868 0.000170957643624 0.000000240447434 -0.000905232565920 -0.000001358950886 0.001026263672469
    accXrecoEff 0.000000000000000 0.035763457412543 0.004662373728256 0.355897000869383 0.054816814165262 -0.001456796810759 0.125977495693862
 accXrecoEffErr 0.000000000000000 0.000000000000000 0.000000000000000 0.000000000000000 0.000000000000000 0.000000000000000 0.000000000000000
        EffErr1 0.000000000000000 0.000000000000000 0.000000000000000 0.000000000000000 0.000000000000000 0.000000000000000 0.000000000000000
        EffErr2 0.000000000000000 0.000000000000000 0.000000000000000 0.000000000000000 0.000000000000000 0.000000000000000 0.000000000000000
        EffErr3 0.000000000000000 0.000000000000000 0.000000000000000 0.000000000000000 0.000000000000000 0.000000000000000 0.000000000000000
        EffErr4 0.000000000000000 0.000000000000000 0.000000000000000 0.000000000000000 0.000000000000000 0.000000000000000 0.000000000000000
        EffErr5 0.000000000000000 0.000000000000000 0.000000000000000 0.000000000000000 0.000000000000000 0.000000000000000 0.000000000000000
        EffErr6 0.000000000000000 0.000000000000000 0.000000000000000 0.000000000000000 0.000000000000000 0.000000000000000 0.000000000000000
        EffErr7 0.000000000000000 0.000000000000000 0.000000000000000 0.000000000000000 0.000000000000000 0.000000000000000 0.000000000000000
           iBin 1.000000000000000
           mode 2012.000000000000000
sigGauss1_sigma 0.032306123439247 0.000190366324693
sigGauss2_sigma 0.080863693744414 0.000763107375522
      sigM_frac 0.750913459068236 0.005731859512873
  bkgGauss_mean 0.029576921425549 0.013883872630602
 bkgGauss_sigma 0.343356856977084 0.010410366392250
bkgGauss_mean_1 0.194047735394248 0.031078985584787
bkgGauss_sigma_1 0.100000001631801 0.008364171236774
       bkg_frac 0.999999998233084 0.015091434991489
Iafb_angular_reco 1.870463728904724 -999.965823847822890
Ifh_angular_reco 0.382697224617004 -47.215823269789439
afb_angular_reco -0.010104441600133 0.000000000000000
fh_angular_reco 0.020221757206428 0.000000000000000
         recofh 0.026328399860699 0.008498328669852 0.008498328669852
        recoafb -0.009996051280900 0.003777983156986 0.003777983156986
        recoFCN -1299978.922765404684469 0.000000000000000
Iafb_angular_gen 0.502288341522217 -0.188517681551275
Ifh_angular_gen -3.160523653030396 -29.946453238613003
afb_angular_gen -0.001890599855631 0.000000000000000
 fh_angular_gen 0.031876060401540 0.000000000000000
          genfh 0.031864418437472 -0.001066747489857 0.001095956160323
         genafb -0.001886155087076 -0.000463869726830 0.000455641132235
         genFCN -13473947.491748671978712 0.000000000000000
Iafb_angular_gen_R 0.291084945201874 580.250603762215178
Ifh_angular_gen_R 0.856322228908539 -999.997643862670884
afb_angular_gen_R 0.000476941945808 0.000000000000000
fh_angular_gen_R 0.000954931590190 0.000000000000000
Iafb_angular_reco_R 0.000000000000000 0.000000000000000
Ifh_angular_reco_R 0.000000000000000 0.000000000000000
afb_angular_reco_R 0.000000000000000 0.000000000000000
fh_angular_reco_R 0.000000000000000 0.000000000000000
        recoRfh 0.039660598107045 0.009036371636208 0.009036371636208
       recoRafb -0.019398379546740 0.003820614078288 0.003820614078288
        genfh_R 0.049268562959063 -0.003725385076740 0.003741460161989
       genafb_R 0.003077052584912 -0.001115434569366 0.001113979826448
       genFCN_R -25682899.726293422281742 0.000000000000000
 Iafb_angular2D -0.015497650951147 -0.165168106798205
  Ifh_angular2D -13.480492591857910 -0.811250314766085
  afb_angular2D -0.044244564702601 0.000000000000000
   fh_angular2D 0.849154949809082 0.000000000000000
             fh 0.849965076925591 -0.347652673247249 0.312577663602159
            afb -0.044576007728518 -0.102881627123323 0.103153480168906
            FCN -9747.493585522710418 0.000000000000000
        GENreco 0.054821468974072 -0.001527035727849 0.126891593505596 0.018774969023035 -0.109273338371837 -0.013576987395550 0.016929105864100
     GENrecoErr 0.000273035925731 0.001474125014218 0.006449036640587 0.010836671491689 0.029245676611843 0.015827878907825 0.032004211537503
accXrecoEff-GEN 0.035763457412543 0.004662373728256 0.355897000869383 0.054816814165262 -0.001456796810759 0.125977495693862 0.018391875314942 -0.101445787014623 -0.012627146688468 0.006267427478333
accXrecoEff-GENErr 0.000000000000000 0.000000000000000 0.000000000000000 0.000000000000000 0.000000000000000 0.000000000000000 0.000000000000000 0.000000000000000 0.000000000000000 0.000000000000000
     Dimuonreco 0.054872058042586 -0.001429815495059 0.125104417048046 0.019215337565696 -0.099057802396971 -0.014025852398797 0.004618987740432
  DimuonrecoErr 0.000273217506977 0.001475040268151 0.006460801172942 0.010851472143457 0.029345707250224 0.015843006685624 0.032143480765043
accXrecoEffDimuon 0.035763457412543 0.004662373728256 0.355897000869383 0.054872058042586 -0.001429815495059 0.125104417048046 0.019215337565696 -0.099057802396971 -0.014025852398797 0.004618987740432
accXrecoEffDimuonErr 0.000000000000000 0.000000000000000 0.000000000000000 0.000000000000000 0.000000000000000 0.000000000000000 0.000000000000000 0.000000000000000 0.000000000000000 0.000000000000000
Iafb_angular_reco_D 0.000000000000000 0.000000000000000
Ifh_angular_reco_D 0.000000000000000 0.000000000000000
afb_angular_reco_D 0.000000000000000 0.000000000000000
fh_angular_reco_D 0.000000000000000 0.000000000000000
        recoDfh 0.040418161520395 0.009110255532703 0.009110255532703
       recoDafb -0.019600328177899 0.003824396612149 0.003824396612149
       recoDFCN -1299580.488684580661356 0.000000000000000
    bkgCombL_c0 2.611895571881982 1.241847049274189
    bkgCombL_c1 -2.964538977111201 1.362790437029488
    bkgCombL_c2 2.214818609118626 1.702721581218325
    bkgCombL_c3 0.000000000000000 0.000000000000000
        FCErrFh -0.313603591802077 0.342755553774350
       FCErrAfb -0.123717208408320 0.122420636687934
  Pro_Afb_shape 0.000521508966123 -0.499198866719066 -0.036494865846331 -0.009637028141818
   Pro_Fh_shape 0.003546026355087 -1.997737125397070 0.843144149310057 -0.128719191341995 -0.536584946703083 0.016407233810785 1.971751263511313
 FH_migrad_bin1 0.000000000000000 -9747.493591176113114
 FH_fh_migrad_1 0.849965095520020 0.000000000000000 0.000000000000000 0.000000000000000
FH_afb_migrad_1 -0.044029672618962 0.000000000000000 0.000000000000000 0.000000000000000
     FH_hesse_1 0.000000000000000
  FH_fh_hesse_1 0.849965095520020 0.000000000000000 0.000000000000000 0.000000000000000
 FH_afb_hesse_1 -0.044029672618962 0.000000000000000 0.000000000000000 0.000000000000000
     FH_minos_1 0.000000000000000
AFB_migrad_bin1 0.000000000000000 -9747.493550636112559
AFB_fh_migrad_1 0.848825589947888 0.000000000000000 0.000000000000000 0.000000000000000
AFB_afb_migrad_1 -0.044576007872820 0.000000000000000 0.000000000000000 0.000000000000000
    AFB_hesse_1 0.000000000000000
 AFB_fh_hesse_1 0.848825589947888 0.000000000000000 0.000000000000000 0.000000000000000
AFB_afb_hesse_1 -0.044576007872820 0.000000000000000 0.000000000000000 0.000000000000000
    AFB_minos_1 0.000000000000000
       NLLErrFh -0.343485076925591 0.314054923074409
      NLLErrAfb -0.100673992271482 0.100026007728518
    ParFCC_FH_R -0.407402847856790 1.100299201574298 0.011832719665081
    ParFCC_FH_L 0.244673680010217 1.286273940999429 -0.201042095484768
   ParFCC_AFB_R -0.121834589435372 1.046941650111269 0.105611587246110
   ParFCC_AFB_L 0.124631968072893 1.043542643504872 -0.136070149415179
           Nsig 330.867733753164941 31.707821277570986
       NbkgComb 1125.107707783639398 42.422208346137836
