         CARD:
              
    FH_migrad_0 0.000000000000000 -17048.638294112992298
 FH_fh_migrad_0 0.007499999832362 0.000000000000000 0.000000000000000 0.000000000000000
FH_afb_migrad_0 -0.003749542877425 0.000000000000000 0.000000000000000 0.000000000000000
     FH_hesse_0 0.000000000000000
  FH_fh_hesse_0 0.007499999832362 0.000000000000000 0.000000000000000 0.000000000000000
 FH_afb_hesse_0 -0.003749542877425 0.000000000000000 0.000000000000000 0.000000000000000
     FH_minos_0 6.000000000000000
    FH_migrad_1 0.000000000000000 -17048.453349493793212
 FH_fh_migrad_1 0.022500000894070 0.000000000000000 0.000000000000000 0.000000000000000
FH_afb_migrad_1 -0.011234685465929 0.000000000000000 0.000000000000000 0.000000000000000
     FH_hesse_1 0.000000000000000
  FH_fh_hesse_1 0.022500000894070 0.000000000000000 0.000000000000000 0.000000000000000
 FH_afb_hesse_1 -0.011234685465929 0.000000000000000 0.000000000000000 0.000000000000000
     FH_minos_1 6.000000000000000
    FH_migrad_2 0.000000000000000 -17048.241947333495773
 FH_fh_migrad_2 0.037500001490116 0.000000000000000 0.000000000000000 0.000000000000000
FH_afb_migrad_2 -0.018677032891302 0.000000000000000 0.000000000000000 0.000000000000000
     FH_hesse_2 0.000000000000000
  FH_fh_hesse_2 0.037500001490116 0.000000000000000 0.000000000000000 0.000000000000000
 FH_afb_hesse_2 -0.018677032891302 0.000000000000000 0.000000000000000 0.000000000000000
     FH_minos_2 6.000000000000000
    FH_migrad_3 0.000000000000000 -17048.006259238703933
 FH_fh_migrad_3 0.052499998360872 0.000000000000000 0.000000000000000 0.000000000000000
FH_afb_migrad_3 -0.026171752301364 0.000000000000000 0.000000000000000 0.000000000000000
     FH_hesse_3 0.000000000000000
  FH_fh_hesse_3 0.052499998360872 0.000000000000000 0.000000000000000 0.000000000000000
 FH_afb_hesse_3 -0.026171752301364 0.000000000000000 0.000000000000000 0.000000000000000
     FH_minos_3 6.000000000000000
    FH_migrad_4 0.000000000000000 -17047.745469363318989
 FH_fh_migrad_4 0.067500002682209 0.000000000000000 0.000000000000000 0.000000000000000
FH_afb_migrad_4 -0.033666492707805 0.000000000000000 0.000000000000000 0.000000000000000
     FH_hesse_4 0.000000000000000
  FH_fh_hesse_4 0.067500002682209 0.000000000000000 0.000000000000000 0.000000000000000
 FH_afb_hesse_4 -0.033666492707805 0.000000000000000 0.000000000000000 0.000000000000000
     FH_minos_4 6.000000000000000
    FH_migrad_5 0.000000000000000 -17047.459853022020980
 FH_fh_migrad_5 0.082500003278255 0.000000000000000 0.000000000000000 0.000000000000000
FH_afb_migrad_5 -0.041161347800966 0.000000000000000 0.000000000000000 0.000000000000000
     FH_hesse_5 0.000000000000000
  FH_fh_hesse_5 0.082500003278255 0.000000000000000 0.000000000000000 0.000000000000000
 FH_afb_hesse_5 -0.041161347800966 0.000000000000000 0.000000000000000 0.000000000000000
     FH_minos_5 6.000000000000000
    FH_migrad_6 0.000000000000000 -17047.149658452311996
 FH_fh_migrad_6 0.097499996423721 0.000000000000000 0.000000000000000 0.000000000000000
FH_afb_migrad_6 -0.048656396850504 0.000000000000000 0.000000000000000 0.000000000000000
     FH_hesse_6 0.000000000000000
  FH_fh_hesse_6 0.097499996423721 0.000000000000000 0.000000000000000 0.000000000000000
 FH_afb_hesse_6 -0.048656396850504 0.000000000000000 0.000000000000000 0.000000000000000
     FH_minos_6 6.000000000000000
    FH_migrad_7 0.000000000000000 -17046.815736575888877
