         CARD:
              
    FH_migrad_0 0.000000000000000 -58257.391309293510858
 FH_fh_migrad_0 0.004999999888241 0.000000000000000 0.000000000000000 0.000000000000000
FH_afb_migrad_0 0.002483521562764 0.000000000000000 0.000000000000000 0.000000000000000
     FH_hesse_0 0.000000000000000
  FH_fh_hesse_0 0.004999999888241 0.000000000000000 0.000000000000000 0.000000000000000
 FH_afb_hesse_0 0.002483521562764 0.000000000000000 0.000000000000000 0.000000000000000
     FH_minos_0 6.000000000000000
    FH_migrad_1 0.000000000000000 -58257.189422516421473
 FH_fh_migrad_1 0.014999999664724 0.000000000000000 0.000000000000000 0.000000000000000
FH_afb_migrad_1 0.007166189649729 0.000000000000000 0.000000000000000 0.000000000000000
     FH_hesse_1 0.000000000000000
  FH_fh_hesse_1 0.014999999664724 0.000000000000000 0.000000000000000 0.000000000000000
 FH_afb_hesse_1 0.007166189649729 0.000000000000000 0.000000000000000 0.000000000000000
     FH_minos_1 6.000000000000000
    FH_migrad_2 0.000000000000000 -58256.905783166403126
 FH_fh_migrad_2 0.025000000372529 0.000000000000000 0.000000000000000 0.000000000000000
FH_afb_migrad_2 0.010374730860374 0.000000000000000 0.000000000000000 0.000000000000000
     FH_hesse_2 0.000000000000000
  FH_fh_hesse_2 0.025000000372529 0.000000000000000 0.000000000000000 0.000000000000000
 FH_afb_hesse_2 0.010374730860374 0.000000000000000 0.000000000000000 0.000000000000000
     FH_minos_2 6.000000000000000
    FH_migrad_3 0.000000000000000 -58256.580166091960564
 FH_fh_migrad_3 0.035000000149012 0.000000000000000 0.000000000000000 0.000000000000000
FH_afb_migrad_3 0.010000598023787 0.000000000000000 0.000000000000000 0.000000000000000
     FH_hesse_3 0.000000000000000
  FH_fh_hesse_3 0.035000000149012 0.000000000000000 0.000000000000000 0.000000000000000
 FH_afb_hesse_3 0.010000598023787 0.000000000000000 0.000000000000000 0.000000000000000
     FH_minos_3 6.000000000000000
    FH_migrad_4 0.000000000000000 -58256.229142706542916
 FH_fh_migrad_4 0.045000001788139 0.000000000000000 0.000000000000000 0.000000000000000
FH_afb_migrad_4 0.009427109256796 0.000000000000000 0.000000000000000 0.000000000000000
     FH_hesse_4 0.000000000000000
  FH_fh_hesse_4 0.045000001788139 0.000000000000000 0.000000000000000 0.000000000000000
 FH_afb_hesse_4 0.009427109256796 0.000000000000000 0.000000000000000 0.000000000000000
     FH_minos_4 6.000000000000000
    FH_migrad_5 0.000000000000000 -58255.853152399409737
 FH_fh_migrad_5 0.054999999701977 0.000000000000000 0.000000000000000 0.000000000000000
FH_afb_migrad_5 0.008858542305394 0.000000000000000 0.000000000000000 0.000000000000000
     FH_hesse_5 0.000000000000000
  FH_fh_hesse_5 0.054999999701977 0.000000000000000 0.000000000000000 0.000000000000000
 FH_afb_hesse_5 0.008858542305394 0.000000000000000 0.000000000000000 0.000000000000000
     FH_minos_5 6.000000000000000
    FH_migrad_6 0.000000000000000 -58255.452612657099962
 FH_fh_migrad_6 0.064999997615814 0.000000000000000 0.000000000000000 0.000000000000000
FH_afb_migrad_6 0.008294710678454 0.000000000000000 0.000000000000000 0.000000000000000
     FH_hesse_6 0.000000000000000
  FH_fh_hesse_6 0.064999997615814 0.000000000000000 0.000000000000000 0.000000000000000
 FH_afb_hesse_6 0.008294710678454 0.000000000000000 0.000000000000000 0.000000000000000
     FH_minos_6 0.000000000000000
    FH_migrad_7 0.000000000000000 -58255.027916776081838
 FH_fh_migrad_7 0.075000002980232 0.000000000000000 0.000000000000000 0.000000000000000
FH_afb_migrad_7 0.007735448225497 0.000000000000000 0.000000000000000 0.000000000000000
     FH_hesse_7 0.000000000000000
  FH_fh_hesse_7 0.075000002980232 0.000000000000000 0.000000000000000 0.000000000000000
 FH_afb_hesse_7 0.007735448225497 0.000000000000000 0.000000000000000 0.000000000000000
     FH_minos_7 0.000000000000000
    FH_migrad_8 0.000000000000000 -58254.579437153413892
 FH_fh_migrad_8 0.085000000894070 0.000000000000000 0.000000000000000 0.000000000000000
FH_afb_migrad_8 0.007180612163255 0.000000000000000 0.000000000000000 0.000000000000000
     FH_hesse_8 0.000000000000000
  FH_fh_hesse_8 0.085000000894070 0.000000000000000 0.000000000000000 0.000000000000000
 FH_afb_hesse_8 0.007180612163255 0.000000000000000 0.000000000000000 0.000000000000000
     FH_minos_8 0.000000000000000
    FH_migrad_9 0.000000000000000 -58254.107525264807919
 FH_fh_migrad_9 0.094999998807907 0.000000000000000 0.000000000000000 0.000000000000000
FH_afb_migrad_9 0.006630075585957 0.000000000000000 0.000000000000000 0.000000000000000
     FH_hesse_9 0.000000000000000
  FH_fh_hesse_9 0.094999998807907 0.000000000000000 0.000000000000000 0.000000000000000
 FH_afb_hesse_9 0.006630075585957 0.000000000000000 0.000000000000000 0.000000000000000
     FH_minos_9 0.000000000000000
   FH_migrad_10 0.000000000000000 -58253.612514571250358
FH_fh_migrad_10 0.104999996721745 0.000000000000000 0.000000000000000 0.000000000000000
FH_afb_migrad_10 0.006083726307123 0.000000000000000 0.000000000000000 0.000000000000000
    FH_hesse_10 0.000000000000000
 FH_fh_hesse_10 0.104999996721745 0.000000000000000 0.000000000000000 0.000000000000000
FH_afb_hesse_10 0.006083726307123 0.000000000000000 0.000000000000000 0.000000000000000
    FH_minos_10 0.000000000000000
   FH_migrad_11 0.000000000000000 -58253.094721289176960
FH_fh_migrad_11 0.115000002086163 0.000000000000000 0.000000000000000 0.000000000000000
FH_afb_migrad_11 0.005541463982080 0.000000000000000 0.000000000000000 0.000000000000000
    FH_hesse_11 0.000000000000000
 FH_fh_hesse_11 0.115000002086163 0.000000000000000 0.000000000000000 0.000000000000000
FH_afb_hesse_11 0.005541463982080 0.000000000000000 0.000000000000000 0.000000000000000
    FH_minos_11 0.000000000000000
   FH_migrad_12 0.000000000000000 -58252.554447262133181
FH_fh_migrad_12 0.125000000000000 0.000000000000000 0.000000000000000 0.000000000000000
FH_afb_migrad_12 0.005003199809406 0.000000000000000 0.000000000000000 0.000000000000000
    FH_hesse_12 0.000000000000000
 FH_fh_hesse_12 0.125000000000000 0.000000000000000 0.000000000000000 0.000000000000000
FH_afb_hesse_12 0.005003199809406 0.000000000000000 0.000000000000000 0.000000000000000
    FH_minos_12 0.000000000000000
   FH_migrad_13 0.000000000000000 -58251.991978391844896
FH_fh_migrad_13 0.135000005364418 0.000000000000000 0.000000000000000 0.000000000000000
FH_afb_migrad_13 0.004468852179548 0.000000000000000 0.000000000000000 0.000000000000000
    FH_hesse_13 0.000000000000000
 FH_fh_hesse_13 0.135000005364418 0.000000000000000 0.000000000000000 0.000000000000000
FH_afb_hesse_13 0.004468852179548 0.000000000000000 0.000000000000000 0.000000000000000
    FH_minos_13 0.000000000000000
   FH_migrad_14 0.000000000000000 -58251.407589354108495
FH_fh_migrad_14 0.144999995827675 0.000000000000000 0.000000000000000 0.000000000000000
FH_afb_migrad_14 0.003938349023875 0.000000000000000 0.000000000000000 0.000000000000000
    FH_hesse_14 0.000000000000000
 FH_fh_hesse_14 0.144999995827675 0.000000000000000 0.000000000000000 0.000000000000000
FH_afb_hesse_14 0.003938349023875 0.000000000000000 0.000000000000000 0.000000000000000
    FH_minos_14 0.000000000000000
   FH_migrad_15 0.000000000000000 -58250.801539438180043
FH_fh_migrad_15 0.155000001192093 0.000000000000000 0.000000000000000 0.000000000000000
FH_afb_migrad_15 0.003411622001156 0.000000000000000 0.000000000000000 0.000000000000000
    FH_hesse_15 0.000000000000000
 FH_fh_hesse_15 0.155000001192093 0.000000000000000 0.000000000000000 0.000000000000000
FH_afb_hesse_15 0.003411622001156 0.000000000000000 0.000000000000000 0.000000000000000
    FH_minos_15 0.000000000000000
   FH_migrad_16 0.000000000000000 -58250.174079023709055
FH_fh_migrad_16 0.165000006556511 0.000000000000000 0.000000000000000 0.000000000000000
FH_afb_migrad_16 0.002888610770851 0.000000000000000 0.000000000000000 0.000000000000000
    FH_hesse_16 0.000000000000000
 FH_fh_hesse_16 0.165000006556511 0.000000000000000 0.000000000000000 0.000000000000000
FH_afb_hesse_16 0.002888610770851 0.000000000000000 0.000000000000000 0.000000000000000
    FH_minos_16 0.000000000000000
   FH_migrad_17 0.000000000000000 -58249.525447889333009
FH_fh_migrad_17 0.174999997019768 0.000000000000000 0.000000000000000 0.000000000000000
FH_afb_migrad_17 0.002369259858956 0.000000000000000 0.000000000000000 0.000000000000000
    FH_hesse_17 0.000000000000000
 FH_fh_hesse_17 0.174999997019768 0.000000000000000 0.000000000000000 0.000000000000000
FH_afb_hesse_17 0.002369259858956 0.000000000000000 0.000000000000000 0.000000000000000
    FH_minos_17 0.000000000000000
   FH_migrad_18 0.000000000000000 -58248.855872875967179
FH_fh_migrad_18 0.185000002384186 0.000000000000000 0.000000000000000 0.000000000000000
FH_afb_migrad_18 0.001853515737645 0.000000000000000 0.000000000000000 0.000000000000000
    FH_hesse_18 0.000000000000000
 FH_fh_hesse_18 0.185000002384186 0.000000000000000 0.000000000000000 0.000000000000000
FH_afb_hesse_18 0.001853515737645 0.000000000000000 0.000000000000000 0.000000000000000
    FH_minos_18 0.000000000000000
   FH_migrad_19 0.000000000000000 -58248.165575374783657
FH_fh_migrad_19 0.194999992847443 0.000000000000000 0.000000000000000 0.000000000000000
FH_afb_migrad_19 0.001341331710623 0.000000000000000 0.000000000000000 0.000000000000000
    FH_hesse_19 0.000000000000000
 FH_fh_hesse_19 0.194999992847443 0.000000000000000 0.000000000000000 0.000000000000000
FH_afb_hesse_19 0.001341331710623 0.000000000000000 0.000000000000000 0.000000000000000
    FH_minos_19 0.000000000000000
  AFB_migrad_90 0.000000000000000 -58240.793720256042434
AFB_fh_migrad_90 0.190094740272921 0.000000000000000 0.000000000000000 0.000000000000000
AFB_afb_migrad_90 -0.094999998807907 0.000000000000000 0.000000000000000 0.000000000000000
   AFB_hesse_90 0.000000000000000
AFB_fh_hesse_90 0.190094740272921 0.000000000000000 0.000000000000000 0.000000000000000
AFB_afb_hesse_90 -0.094999998807907 0.000000000000000 0.000000000000000 0.000000000000000
   AFB_minos_90 6.000000000000000
  AFB_migrad_91 0.000000000000000 -58243.138965491933050
AFB_fh_migrad_91 0.175076043599405 0.000000000000000 0.000000000000000 0.000000000000000
AFB_afb_migrad_91 -0.085000000894070 0.000000000000000 0.000000000000000 0.000000000000000
   AFB_hesse_91 0.000000000000000
AFB_fh_hesse_91 0.175076043599405 0.000000000000000 0.000000000000000 0.000000000000000
AFB_afb_hesse_91 -0.085000000894070 0.000000000000000 0.000000000000000 0.000000000000000
   AFB_minos_91 6.000000000000000
  AFB_migrad_92 0.000000000000000 -58245.564016897624242
AFB_fh_migrad_92 0.155084328968890 0.000000000000000 0.000000000000000 0.000000000000000
AFB_afb_migrad_92 -0.075000002980232 0.000000000000000 0.000000000000000 0.000000000000000
   AFB_hesse_92 0.000000000000000
AFB_fh_hesse_92 0.155084328968890 0.000000000000000 0.000000000000000 0.000000000000000
AFB_afb_hesse_92 -0.075000002980232 0.000000000000000 0.000000000000000 0.000000000000000
   AFB_minos_92 6.000000000000000
  AFB_migrad_93 0.000000000000000 -58248.027341656983481
AFB_fh_migrad_93 0.130078937663862 0.000000000000000 0.000000000000000 0.000000000000000
AFB_afb_migrad_93 -0.064999997615814 0.000000000000000 0.000000000000000 0.000000000000000
   AFB_hesse_93 0.000000000000000
AFB_fh_hesse_93 0.130078937663862 0.000000000000000 0.000000000000000 0.000000000000000
AFB_afb_hesse_93 -0.064999997615814 0.000000000000000 0.000000000000000 0.000000000000000
   AFB_minos_93 6.000000000000000
  AFB_migrad_94 0.000000000000000 -58250.047498277104751
AFB_fh_migrad_94 0.110355878744762 0.000000000000000 0.000000000000000 0.000000000000000
AFB_afb_migrad_94 -0.054999999701977 0.000000000000000 0.000000000000000 0.000000000000000
   AFB_hesse_94 0.000000000000000
AFB_fh_hesse_94 0.110355878744762 0.000000000000000 0.000000000000000 0.000000000000000
AFB_afb_hesse_94 -0.054999999701977 0.000000000000000 0.000000000000000 0.000000000000000
   AFB_minos_94 6.000000000000000
  AFB_migrad_95 0.000000000000000 -58251.852307331733755
AFB_fh_migrad_95 0.091086107824756 0.000000000000000 0.000000000000000 0.000000000000000
AFB_afb_migrad_95 -0.045000001788139 0.000000000000000 0.000000000000000 0.000000000000000
   AFB_hesse_95 0.000000000000000
AFB_fh_hesse_95 0.091086107824756 0.000000000000000 0.000000000000000 0.000000000000000
AFB_afb_hesse_95 -0.045000001788139 0.000000000000000 0.000000000000000 0.000000000000000
   AFB_minos_95 6.000000000000000
  AFB_migrad_96 0.000000000000000 -58253.478695365847670
AFB_fh_migrad_96 0.071159405359603 0.000000000000000 0.000000000000000 0.000000000000000
AFB_afb_migrad_96 -0.035000000149012 0.000000000000000 0.000000000000000 0.000000000000000
   AFB_hesse_96 0.000000000000000
AFB_fh_hesse_96 0.071159405359603 0.000000000000000 0.000000000000000 0.000000000000000
AFB_afb_hesse_96 -0.035000000149012 0.000000000000000 0.000000000000000 0.000000000000000
   AFB_minos_96 6.000000000000000
  AFB_migrad_97 0.000000000000000 -58254.898294244951103
AFB_fh_migrad_97 0.051019032231872 0.000000000000000 0.000000000000000 0.000000000000000
AFB_afb_migrad_97 -0.025000000372529 0.000000000000000 0.000000000000000 0.000000000000000
   AFB_hesse_97 0.000000000000000
AFB_fh_hesse_97 0.051019032231872 0.000000000000000 0.000000000000000 0.000000000000000
AFB_afb_hesse_97 -0.025000000372529 0.000000000000000 0.000000000000000 0.000000000000000
   AFB_minos_97 6.000000000000000
  AFB_migrad_98 0.000000000000000 -58256.090891055020620
AFB_fh_migrad_98 0.030967955868226 0.000000000000000 0.000000000000000 0.000000000000000
AFB_afb_migrad_98 -0.014999999664724 0.000000000000000 0.000000000000000 0.000000000000000
   AFB_hesse_98 0.000000000000000
AFB_fh_hesse_98 0.030967955868226 0.000000000000000 0.000000000000000 0.000000000000000
AFB_afb_hesse_98 -0.014999999664724 0.000000000000000 0.000000000000000 0.000000000000000
   AFB_minos_98 6.000000000000000
  AFB_migrad_99 0.000000000000000 -58256.982170308037894
AFB_fh_migrad_99 0.013525491373252 0.000000000000000 0.000000000000000 0.000000000000000
AFB_afb_migrad_99 -0.004999999888241 0.000000000000000 0.000000000000000 0.000000000000000
   AFB_hesse_99 0.000000000000000
AFB_fh_hesse_99 0.013525491373252 0.000000000000000 0.000000000000000 0.000000000000000
AFB_afb_hesse_99 -0.004999999888241 0.000000000000000 0.000000000000000 0.000000000000000
   AFB_minos_99 6.000000000000000
 AFB_migrad_100 0.000000000000000 -58257.300927259188029
AFB_fh_migrad_100 0.010090897421163 0.000000000000000 0.000000000000000 0.000000000000000
AFB_afb_migrad_100 0.004999999888241 0.000000000000000 0.000000000000000 0.000000000000000
  AFB_hesse_100 0.000000000000000
AFB_fh_hesse_100 0.010090897421163 0.000000000000000 0.000000000000000 0.000000000000000
AFB_afb_hesse_100 0.004999999888241 0.000000000000000 0.000000000000000 0.000000000000000
  AFB_minos_100 6.000000000000000
 AFB_migrad_101 0.000000000000000 -58256.692791606299579
AFB_fh_migrad_101 0.030977936328295 0.000000000000000 0.000000000000000 0.000000000000000
AFB_afb_migrad_101 0.014999999664724 0.000000000000000 0.000000000000000 0.000000000000000
  AFB_hesse_101 0.000000000000000
AFB_fh_hesse_101 0.030977936328295 0.000000000000000 0.000000000000000 0.000000000000000
AFB_afb_hesse_101 0.014999999664724 0.000000000000000 0.000000000000000 0.000000000000000
  AFB_minos_101 6.000000000000000
 AFB_migrad_102 0.000000000000000 -58255.795968974256539
AFB_fh_migrad_102 0.050397422444257 0.000000000000000 0.000000000000000 0.000000000000000
AFB_afb_migrad_102 0.025000000372529 0.000000000000000 0.000000000000000 0.000000000000000
  AFB_hesse_102 0.000000000000000
AFB_fh_hesse_102 0.050397422444257 0.000000000000000 0.000000000000000 0.000000000000000
AFB_afb_hesse_102 0.025000000372529 0.000000000000000 0.000000000000000 0.000000000000000
  AFB_minos_102 6.000000000000000
 AFB_migrad_103 0.000000000000000 -58254.581610407039989
AFB_fh_migrad_103 0.070148848857270 0.000000000000000 0.000000000000000 0.000000000000000
AFB_afb_migrad_103 0.035000000149012 0.000000000000000 0.000000000000000 0.000000000000000
  AFB_hesse_103 0.000000000000000
AFB_fh_hesse_103 0.070148848857270 0.000000000000000 0.000000000000000 0.000000000000000
AFB_afb_hesse_103 0.035000000149012 0.000000000000000 0.000000000000000 0.000000000000000
  AFB_minos_103 6.000000000000000
 AFB_migrad_104 0.000000000000000 -58252.860780208415235
AFB_fh_migrad_104 0.094333629467357 0.000000000000000 0.000000000000000 0.000000000000000
AFB_afb_migrad_104 0.045000001788139 0.000000000000000 0.000000000000000 0.000000000000000
  AFB_hesse_104 0.000000000000000
AFB_fh_hesse_104 0.094333629467357 0.000000000000000 0.000000000000000 0.000000000000000
AFB_afb_hesse_104 0.045000001788139 0.000000000000000 0.000000000000000 0.000000000000000
  AFB_minos_104 6.000000000000000
 AFB_migrad_105 0.000000000000000 -58251.286660477693658
AFB_fh_migrad_105 0.110119686494580 0.000000000000000 0.000000000000000 0.000000000000000
AFB_afb_migrad_105 0.054999999701977 0.000000000000000 0.000000000000000 0.000000000000000
  AFB_hesse_105 0.000000000000000
AFB_fh_hesse_105 0.110119686494580 0.000000000000000 0.000000000000000 0.000000000000000
AFB_afb_hesse_105 0.054999999701977 0.000000000000000 0.000000000000000 0.000000000000000
  AFB_minos_105 6.000000000000000
 AFB_migrad_106 0.000000000000000 -58249.250362816463166
AFB_fh_migrad_106 0.130044638151025 0.000000000000000 0.000000000000000 0.000000000000000
AFB_afb_migrad_106 0.064999997615814 0.000000000000000 0.000000000000000 0.000000000000000
  AFB_hesse_106 0.000000000000000
AFB_fh_hesse_106 0.130044638151025 0.000000000000000 0.000000000000000 0.000000000000000
AFB_afb_hesse_106 0.064999997615814 0.000000000000000 0.000000000000000 0.000000000000000
  AFB_minos_106 6.000000000000000
 AFB_migrad_107 0.000000000000000 -58246.953603202033264
AFB_fh_migrad_107 0.150237178840881 0.000000000000000 0.000000000000000 0.000000000000000
AFB_afb_migrad_107 0.075000002980232 0.000000000000000 0.000000000000000 0.000000000000000
  AFB_hesse_107 0.000000000000000
AFB_fh_hesse_107 0.150237178840881 0.000000000000000 0.000000000000000 0.000000000000000
AFB_afb_hesse_107 0.075000002980232 0.000000000000000 0.000000000000000 0.000000000000000
  AFB_minos_107    6.000000000000000
