         CARD:
              
    FH_migrad_1 0.000000000000000 -2802.188767693127375
 FH_fh_migrad_1 0.014999999664724 0.000000000000000 0.000000000000000 0.000000000000000
FH_afb_migrad_1 0.007464764065074 0.000000000000000 0.000000000000000 0.000000000000000
     FH_hesse_1 0.000000000000000
  FH_fh_hesse_1 0.014999999664724 0.000000000000000 0.000000000000000 0.000000000000000
 FH_afb_hesse_1 0.007464764065074 0.000000000000000 0.000000000000000 0.000000000000000
     FH_minos_1 6.000000000000000
    FH_migrad_2 0.000000000000000 -2802.391315241985467
 FH_fh_migrad_2 0.025000000372529 0.000000000000000 0.000000000000000 0.000000000000000
FH_afb_migrad_2 0.012434334854168 0.000000000000000 0.000000000000000 0.000000000000000
     FH_hesse_2 0.000000000000000
  FH_fh_hesse_2 0.025000000372529 0.000000000000000 0.000000000000000 0.000000000000000
 FH_afb_hesse_2 0.012434334854168 0.000000000000000 0.000000000000000 0.000000000000000
     FH_minos_2 6.000000000000000
    FH_migrad_3 0.000000000000000 -2802.566582424241460
 FH_fh_migrad_3 0.035000000149012 0.000000000000000 0.000000000000000 0.000000000000000
FH_afb_migrad_3 0.017496433934852 0.000000000000000 0.000000000000000 0.000000000000000
     FH_hesse_3 0.000000000000000
  FH_fh_hesse_3 0.035000000149012 0.000000000000000 0.000000000000000 0.000000000000000
 FH_afb_hesse_3 0.017496433934852 0.000000000000000 0.000000000000000 0.000000000000000
     FH_minos_3 6.000000000000000
    FH_migrad_4 0.000000000000000 -2802.712500959050431
 FH_fh_migrad_4 0.045000001788139 0.000000000000000 0.000000000000000 0.000000000000000
FH_afb_migrad_4 0.022487358416628 0.000000000000000 0.000000000000000 0.000000000000000
     FH_hesse_4 0.000000000000000
  FH_fh_hesse_4 0.045000001788139 0.000000000000000 0.000000000000000 0.000000000000000
 FH_afb_hesse_4 0.022487358416628 0.000000000000000 0.000000000000000 0.000000000000000
     FH_minos_4 6.000000000000000
    FH_migrad_5 0.000000000000000 -2802.833086367556916
 FH_fh_migrad_5 0.054999999701977 0.000000000000000 0.000000000000000 0.000000000000000
FH_afb_migrad_5 0.027474231376314 0.000000000000000 0.000000000000000 0.000000000000000
     FH_hesse_5 0.000000000000000
  FH_fh_hesse_5 0.054999999701977 0.000000000000000 0.000000000000000 0.000000000000000
 FH_afb_hesse_5 0.027474231376314 0.000000000000000 0.000000000000000 0.000000000000000
     FH_minos_5 6.000000000000000
    FH_migrad_6 0.000000000000000 -2802.929867848435151
 FH_fh_migrad_6 0.064999997615814 0.000000000000000 0.000000000000000 0.000000000000000
FH_afb_migrad_6 0.032442751591174 0.000000000000000 0.000000000000000 0.000000000000000
     FH_hesse_6 0.000000000000000
  FH_fh_hesse_6 0.064999997615814 0.000000000000000 0.000000000000000 0.000000000000000
 FH_afb_hesse_6 0.032442751591174 0.000000000000000 0.000000000000000 0.000000000000000
     FH_minos_6 6.000000000000000
    FH_migrad_7 0.000000000000000 -2803.004509357376719
 FH_fh_migrad_7 0.075000002980232 0.000000000000000 0.000000000000000 0.000000000000000
FH_afb_migrad_7 0.037391409659249 0.000000000000000 0.000000000000000 0.000000000000000
     FH_hesse_7 0.000000000000000
  FH_fh_hesse_7 0.075000002980232 0.000000000000000 0.000000000000000 0.000000000000000
 FH_afb_hesse_7 0.037391409659249 0.000000000000000 0.000000000000000 0.000000000000000
     FH_minos_7 6.000000000000000
    FH_migrad_8 0.000000000000000 -2803.060157264371810
 FH_fh_migrad_8 0.085000000894070 0.000000000000000 0.000000000000000 0.000000000000000
FH_afb_migrad_8 0.042456907420644 0.000000000000000 0.000000000000000 0.000000000000000
     FH_hesse_8 0.000000000000000
  FH_fh_hesse_8 0.085000000894070 0.000000000000000 0.000000000000000 0.000000000000000
 FH_afb_hesse_8 0.042456907420644 0.000000000000000 0.000000000000000 0.000000000000000
     FH_minos_8 6.000000000000000
    FH_migrad_9 0.000000000000000 -2803.095647656040910
 FH_fh_migrad_9 0.094999998807907 0.000000000000000 0.000000000000000 0.000000000000000
FH_afb_migrad_9 0.047496259002221 0.000000000000000 0.000000000000000 0.000000000000000
     FH_hesse_9 0.000000000000000
  FH_fh_hesse_9 0.094999998807907 0.000000000000000 0.000000000000000 0.000000000000000
 FH_afb_hesse_9 0.047496259002221 0.000000000000000 0.000000000000000 0.000000000000000
     FH_minos_9 6.000000000000000
   FH_migrad_10 0.000000000000000 -2803.112183120194459
FH_fh_migrad_10 0.104999996721745 0.000000000000000 0.000000000000000 0.000000000000000
FH_afb_migrad_10 0.052471535774993 0.000000000000000 0.000000000000000 0.000000000000000
    FH_hesse_10 0.000000000000000
 FH_fh_hesse_10 0.104999996721745 0.000000000000000 0.000000000000000 0.000000000000000
FH_afb_hesse_10 0.052471535774993 0.000000000000000 0.000000000000000 0.000000000000000
    FH_minos_10 6.000000000000000
   FH_migrad_11 0.000000000000000 -2803.111406965725109
FH_fh_migrad_11 0.115000002086163 0.000000000000000 0.000000000000000 0.000000000000000
FH_afb_migrad_11 0.057475520009163 0.000000000000000 0.000000000000000 0.000000000000000
    FH_hesse_11 0.000000000000000
 FH_fh_hesse_11 0.115000002086163 0.000000000000000 0.000000000000000 0.000000000000000
FH_afb_hesse_11 0.057475520009163 0.000000000000000 0.000000000000000 0.000000000000000
    FH_minos_11 6.000000000000000
   FH_migrad_12 0.000000000000000 -2803.093830154236912
FH_fh_migrad_12 0.125000000000000 0.000000000000000 0.000000000000000 0.000000000000000
FH_afb_migrad_12 0.062457622965037 0.000000000000000 0.000000000000000 0.000000000000000
    FH_hesse_12 0.000000000000000
 FH_fh_hesse_12 0.125000000000000 0.000000000000000 0.000000000000000 0.000000000000000
FH_afb_hesse_12 0.062457622965037 0.000000000000000 0.000000000000000 0.000000000000000
    FH_minos_12 6.000000000000000
   FH_migrad_13 0.000000000000000 -2803.060619921029684
FH_fh_migrad_13 0.135000005364418 0.000000000000000 0.000000000000000 0.000000000000000
FH_afb_migrad_13 0.067465014807422 0.000000000000000 0.000000000000000 0.000000000000000
    FH_hesse_13 0.000000000000000
 FH_fh_hesse_13 0.135000005364418 0.000000000000000 0.000000000000000 0.000000000000000
FH_afb_hesse_13 0.067465014807422 0.000000000000000 0.000000000000000 0.000000000000000
    FH_minos_13 6.000000000000000
   FH_migrad_14 0.000000000000000 -2803.014359447705829
FH_fh_migrad_14 0.144999995827675 0.000000000000000 0.000000000000000 0.000000000000000
FH_afb_migrad_14 0.069158479689696 0.000000000000000 0.000000000000000 0.000000000000000
    FH_hesse_14 0.000000000000000
 FH_fh_hesse_14 0.144999995827675 0.000000000000000 0.000000000000000 0.000000000000000
FH_afb_hesse_14 0.069158479689696 0.000000000000000 0.000000000000000 0.000000000000000
    FH_minos_14 6.000000000000000
   FH_migrad_15 0.000000000000000 -2802.961752860219804
FH_fh_migrad_15 0.155000001192093 0.000000000000000 0.000000000000000 0.000000000000000
FH_afb_migrad_15 0.069511806289206 0.000000000000000 0.000000000000000 0.000000000000000
    FH_hesse_15 0.000000000000000
 FH_fh_hesse_15 0.155000001192093 0.000000000000000 0.000000000000000 0.000000000000000
FH_afb_hesse_15 0.069511806289206 0.000000000000000 0.000000000000000 0.000000000000000
    FH_minos_15 6.000000000000000
   FH_migrad_16 0.000000000000000 -2802.903305783604083
FH_fh_migrad_16 0.165000006556511 0.000000000000000 0.000000000000000 0.000000000000000
FH_afb_migrad_16 0.070003640576099 0.000000000000000 0.000000000000000 0.000000000000000
    FH_hesse_16 0.000000000000000
 FH_fh_hesse_16 0.165000006556511 0.000000000000000 0.000000000000000 0.000000000000000
FH_afb_hesse_16 0.070003640576099 0.000000000000000 0.000000000000000 0.000000000000000
    FH_minos_16 6.000000000000000
   FH_migrad_17 0.000000000000000 -2802.839157579087441
FH_fh_migrad_17 0.174999997019768 0.000000000000000 0.000000000000000 0.000000000000000
FH_afb_migrad_17 0.070223133527089 0.000000000000000 0.000000000000000 0.000000000000000
    FH_hesse_17 0.000000000000000
 FH_fh_hesse_17 0.174999997019768 0.000000000000000 0.000000000000000 0.000000000000000
FH_afb_hesse_17 0.070223133527089 0.000000000000000 0.000000000000000 0.000000000000000
    FH_minos_17 6.000000000000000
   FH_migrad_18 0.000000000000000 -2802.769419150330123
FH_fh_migrad_18 0.185000002384186 0.000000000000000 0.000000000000000 0.000000000000000
FH_afb_migrad_18 0.070579181728984 0.000000000000000 0.000000000000000 0.000000000000000
    FH_hesse_18 0.000000000000000
 FH_fh_hesse_18 0.185000002384186 0.000000000000000 0.000000000000000 0.000000000000000
FH_afb_hesse_18 0.070579181728984 0.000000000000000 0.000000000000000 0.000000000000000
    FH_minos_18 6.000000000000000
   FH_migrad_19 0.000000000000000 -2802.694212541938214
FH_fh_migrad_19 0.194999992847443 0.000000000000000 0.000000000000000 0.000000000000000
FH_afb_migrad_19 0.070936266021089 0.000000000000000 0.000000000000000 0.000000000000000
    FH_hesse_19 0.000000000000000
 FH_fh_hesse_19 0.194999992847443 0.000000000000000 0.000000000000000 0.000000000000000
FH_afb_hesse_19 0.070936266021089 0.000000000000000 0.000000000000000 0.000000000000000
    FH_minos_19 6.000000000000000
   FH_migrad_20 0.000000000000000 -2802.613650959693132
FH_fh_migrad_20 0.204999998211861 0.000000000000000 0.000000000000000 0.000000000000000
FH_afb_migrad_20 0.071294321036536 0.000000000000000 0.000000000000000 0.000000000000000
    FH_hesse_20 0.000000000000000
 FH_fh_hesse_20 0.204999998211861 0.000000000000000 0.000000000000000 0.000000000000000
FH_afb_hesse_20 0.071294321036536 0.000000000000000 0.000000000000000 0.000000000000000
    FH_minos_20 6.000000000000000
   FH_migrad_21 0.000000000000000 -2802.527843656139339
FH_fh_migrad_21 0.215000003576279 0.000000000000000 0.000000000000000 0.000000000000000
FH_afb_migrad_21 0.071653287825714 0.000000000000000 0.000000000000000 0.000000000000000
    FH_hesse_21 0.000000000000000
 FH_fh_hesse_21 0.215000003576279 0.000000000000000 0.000000000000000 0.000000000000000
FH_afb_hesse_21 0.071653287825714 0.000000000000000 0.000000000000000 0.000000000000000
    FH_minos_21 6.000000000000000
   FH_migrad_22 0.000000000000000 -2802.436895858722437
FH_fh_migrad_22 0.224999994039536 0.000000000000000 0.000000000000000 0.000000000000000
FH_afb_migrad_22 0.072013114418974 0.000000000000000 0.000000000000000 0.000000000000000
    FH_hesse_22 0.000000000000000
 FH_fh_hesse_22 0.224999994039536 0.000000000000000 0.000000000000000 0.000000000000000
FH_afb_hesse_22 0.072013114418974 0.000000000000000 0.000000000000000 0.000000000000000
    FH_minos_22 6.000000000000000
   FH_migrad_23 0.000000000000000 -2802.340908542479156
FH_fh_migrad_23 0.234999999403954 0.000000000000000 0.000000000000000 0.000000000000000
FH_afb_migrad_23 0.072373756514990 0.000000000000000 0.000000000000000 0.000000000000000
    FH_hesse_23 0.000000000000000
 FH_fh_hesse_23 0.234999999403954 0.000000000000000 0.000000000000000 0.000000000000000
FH_afb_hesse_23 0.072373756514990 0.000000000000000 0.000000000000000 0.000000000000000
    FH_minos_23 6.000000000000000
   FH_migrad_24 0.000000000000000 -2802.239979444197161
FH_fh_migrad_24 0.245000004768372 0.000000000000000 0.000000000000000 0.000000000000000
FH_afb_migrad_24 0.072735173537980 0.000000000000000 0.000000000000000 0.000000000000000
    FH_hesse_24 0.000000000000000
 FH_fh_hesse_24 0.245000004768372 0.000000000000000 0.000000000000000 0.000000000000000
FH_afb_hesse_24 0.072735173537980 0.000000000000000 0.000000000000000 0.000000000000000
    FH_minos_24 6.000000000000000
  AFB_migrad_90 0.000000000000000 -2797.345551471441922
AFB_fh_migrad_90 0.201165108602630 0.000000000000000 0.000000000000000 0.000000000000000
AFB_afb_migrad_90 -0.094999998807907 0.000000000000000 0.000000000000000 0.000000000000000
   AFB_hesse_90 0.000000000000000
AFB_fh_hesse_90 0.201165108602630 0.000000000000000 0.000000000000000 0.000000000000000
AFB_afb_hesse_90 -0.094999998807907 0.000000000000000 0.000000000000000 0.000000000000000
   AFB_minos_90 6.000000000000000
  AFB_migrad_91 0.000000000000000 -2797.995695291802349
AFB_fh_migrad_91 0.170298294202605 0.000000000000000 0.000000000000000 0.000000000000000
AFB_afb_migrad_91 -0.085000000894070 0.000000000000000 0.000000000000000 0.000000000000000
   AFB_hesse_91 0.000000000000000
AFB_fh_hesse_91 0.170298294202605 0.000000000000000 0.000000000000000 0.000000000000000
AFB_afb_hesse_91 -0.085000000894070 0.000000000000000 0.000000000000000 0.000000000000000
   AFB_minos_91 6.000000000000000
  AFB_migrad_92 0.000000000000000 -2798.637865637871982
AFB_fh_migrad_92 0.172895691970036 0.000000000000000 0.000000000000000 0.000000000000000
AFB_afb_migrad_92 -0.075000002980232 0.000000000000000 0.000000000000000 0.000000000000000
   AFB_hesse_92 0.000000000000000
AFB_fh_hesse_92 0.172895691970036 0.000000000000000 0.000000000000000 0.000000000000000
AFB_afb_hesse_92 -0.075000002980232 0.000000000000000 0.000000000000000 0.000000000000000
   AFB_minos_92 6.000000000000000
  AFB_migrad_93 0.000000000000000 -2799.232548363188926
AFB_fh_migrad_93 0.159716608326291 0.000000000000000 0.000000000000000 0.000000000000000
AFB_afb_migrad_93 -0.064999997615814 0.000000000000000 0.000000000000000 0.000000000000000
   AFB_hesse_93 0.000000000000000
AFB_fh_hesse_93 0.159716608326291 0.000000000000000 0.000000000000000 0.000000000000000
AFB_afb_hesse_93 -0.064999997615814 0.000000000000000 0.000000000000000 0.000000000000000
   AFB_minos_93 6.000000000000000
  AFB_migrad_94 0.000000000000000 -2799.791242194218739
AFB_fh_migrad_94 0.145285726923673 0.000000000000000 0.000000000000000 0.000000000000000
AFB_afb_migrad_94 -0.054999999701977 0.000000000000000 0.000000000000000 0.000000000000000
   AFB_hesse_94 0.000000000000000
AFB_fh_hesse_94 0.145285726923673 0.000000000000000 0.000000000000000 0.000000000000000
AFB_afb_hesse_94 -0.054999999701977 0.000000000000000 0.000000000000000 0.000000000000000
   AFB_minos_94 6.000000000000000
  AFB_migrad_95 0.000000000000000 -2800.312402292718161
AFB_fh_migrad_95 0.132836784097315 0.000000000000000 0.000000000000000 0.000000000000000
AFB_afb_migrad_95 -0.045000001788139 0.000000000000000 0.000000000000000 0.000000000000000
   AFB_hesse_95 0.000000000000000
AFB_fh_hesse_95 0.132836784097315 0.000000000000000 0.000000000000000 0.000000000000000
AFB_afb_hesse_95 -0.045000001788139 0.000000000000000 0.000000000000000 0.000000000000000
   AFB_minos_95 6.000000000000000
  AFB_migrad_96 0.000000000000000 -2800.794658834814072
AFB_fh_migrad_96 0.121884880191199 0.000000000000000 0.000000000000000 0.000000000000000
AFB_afb_migrad_96 -0.035000000149012 0.000000000000000 0.000000000000000 0.000000000000000
   AFB_hesse_96 0.000000000000000
AFB_fh_hesse_96 0.121884880191199 0.000000000000000 0.000000000000000 0.000000000000000
AFB_afb_hesse_96 -0.035000000149012 0.000000000000000 0.000000000000000 0.000000000000000
   AFB_minos_96 6.000000000000000
  AFB_migrad_97 0.000000000000000 -2801.236648112430885
AFB_fh_migrad_97 0.111127073451555 0.000000000000000 0.000000000000000 0.000000000000000
AFB_afb_migrad_97 -0.025000000372529 0.000000000000000 0.000000000000000 0.000000000000000
   AFB_hesse_97 0.000000000000000
AFB_fh_hesse_97 0.111127073451555 0.000000000000000 0.000000000000000 0.000000000000000
AFB_afb_hesse_97 -0.025000000372529 0.000000000000000 0.000000000000000 0.000000000000000
   AFB_minos_97 6.000000000000000
  AFB_migrad_98 0.000000000000000 -2801.637049490626396
AFB_fh_migrad_98 0.100671634129102 0.000000000000000 0.000000000000000 0.000000000000000
AFB_afb_migrad_98 -0.014999999664724 0.000000000000000 0.000000000000000 0.000000000000000
   AFB_hesse_98 0.000000000000000
AFB_fh_hesse_98 0.100671634129102 0.000000000000000 0.000000000000000 0.000000000000000
AFB_afb_hesse_98 -0.014999999664724 0.000000000000000 0.000000000000000 0.000000000000000
   AFB_minos_98 6.000000000000000
  AFB_migrad_99 0.000000000000000 -2801.994414024058187
AFB_fh_migrad_99 0.091886026069052 0.000000000000000 0.000000000000000 0.000000000000000
AFB_afb_migrad_99 -0.004999999888241 0.000000000000000 0.000000000000000 0.000000000000000
   AFB_hesse_99 0.000000000000000
AFB_fh_hesse_99 0.091886026069052 0.000000000000000 0.000000000000000 0.000000000000000
AFB_afb_hesse_99 -0.004999999888241 0.000000000000000 0.000000000000000 0.000000000000000
   AFB_minos_99 0.000000000000000
 AFB_migrad_100 0.000000000000000 -2802.307543857721612
AFB_fh_migrad_100 0.084320455898262 0.000000000000000 0.000000000000000 0.000000000000000
AFB_afb_migrad_100 0.004999999888241 0.000000000000000 0.000000000000000 0.000000000000000
  AFB_hesse_100 0.000000000000000
AFB_fh_hesse_100 0.084320455898262 0.000000000000000 0.000000000000000 0.000000000000000
AFB_afb_hesse_100 0.004999999888241 0.000000000000000 0.000000000000000 0.000000000000000
  AFB_minos_100 6.000000000000000
 AFB_migrad_101 0.000000000000000 -2802.575313070031370
AFB_fh_migrad_101 0.078009032675634 0.000000000000000 0.000000000000000 0.000000000000000
AFB_afb_migrad_101 0.014999999664724 0.000000000000000 0.000000000000000 0.000000000000000
  AFB_hesse_101 0.000000000000000
AFB_fh_hesse_101 0.078009032675634 0.000000000000000 0.000000000000000 0.000000000000000
AFB_afb_hesse_101 0.014999999664724 0.000000000000000 0.000000000000000 0.000000000000000
  AFB_minos_101 6.000000000000000
 AFB_migrad_102 0.000000000000000 -2802.776758401607367
AFB_fh_migrad_102 0.050302227844115 0.000000000000000 0.000000000000000 0.000000000000000
AFB_afb_migrad_102 0.025000000372529 0.000000000000000 0.000000000000000 0.000000000000000
  AFB_hesse_102 0.000000000000000
AFB_fh_hesse_102 0.050302227844115 0.000000000000000 0.000000000000000 0.000000000000000
AFB_afb_hesse_102 0.025000000372529 0.000000000000000 0.000000000000000 0.000000000000000
  AFB_minos_102 6.000000000000000
 AFB_migrad_103 0.000000000000000 -2802.971118901481532
AFB_fh_migrad_103 0.070144133971605 0.000000000000000 0.000000000000000 0.000000000000000
AFB_afb_migrad_103 0.035000000149012 0.000000000000000 0.000000000000000 0.000000000000000
  AFB_hesse_103 0.000000000000000
AFB_fh_hesse_103 0.070144133971605 0.000000000000000 0.000000000000000 0.000000000000000
AFB_afb_hesse_103 0.035000000149012 0.000000000000000 0.000000000000000 0.000000000000000
  AFB_minos_103 6.000000000000000
 AFB_migrad_104 0.000000000000000 -2803.077751588096362
AFB_fh_migrad_104 0.091739431065139 0.000000000000000 0.000000000000000 0.000000000000000
AFB_afb_migrad_104 0.045000001788139 0.000000000000000 0.000000000000000 0.000000000000000
  AFB_hesse_104 0.000000000000000
AFB_fh_hesse_104 0.091739431065139 0.000000000000000 0.000000000000000 0.000000000000000
AFB_afb_hesse_104 0.045000001788139 0.000000000000000 0.000000000000000 0.000000000000000
  AFB_minos_104 6.000000000000000
 AFB_migrad_105 0.000000000000000 -2803.108871208563414
AFB_fh_migrad_105 0.111758256462480 0.000000000000000 0.000000000000000 0.000000000000000
AFB_afb_migrad_105 0.054999999701977 0.000000000000000 0.000000000000000 0.000000000000000
  AFB_hesse_105 0.000000000000000
AFB_fh_hesse_105 0.111758256462480 0.000000000000000 0.000000000000000 0.000000000000000
AFB_afb_hesse_105 0.054999999701977 0.000000000000000 0.000000000000000 0.000000000000000
  AFB_minos_105 6.000000000000000
 AFB_migrad_106 0.000000000000000 -2803.071906417334503
AFB_fh_migrad_106 0.131772116187284 0.000000000000000 0.000000000000000 0.000000000000000
AFB_afb_migrad_106 0.064999997615814 0.000000000000000 0.000000000000000 0.000000000000000
  AFB_hesse_106 0.000000000000000
AFB_fh_hesse_106 0.131772116187284 0.000000000000000 0.000000000000000 0.000000000000000
AFB_afb_hesse_106 0.064999997615814 0.000000000000000 0.000000000000000 0.000000000000000
  AFB_minos_106 6.000000000000000
 AFB_migrad_107 0.000000000000000 -2802.973016286512120
AFB_fh_migrad_107 0.151780829310993 0.000000000000000 0.000000000000000 0.000000000000000
AFB_afb_migrad_107 0.075000002980232 0.000000000000000 0.000000000000000 0.000000000000000
  AFB_hesse_107 0.000000000000000
AFB_fh_hesse_107 0.151780829310993 0.000000000000000 0.000000000000000 0.000000000000000
AFB_afb_hesse_107 0.075000002980232 0.000000000000000 0.000000000000000 0.000000000000000
  AFB_minos_107 6.000000000000000
 AFB_migrad_108 0.000000000000000 -2802.817327268681311
AFB_fh_migrad_108 0.171784130051754 0.000000000000000 0.000000000000000 0.000000000000000
AFB_afb_migrad_108 0.085000000894070 0.000000000000000 0.000000000000000 0.000000000000000
  AFB_hesse_108 0.000000000000000
AFB_fh_hesse_108 0.171784130051754 0.000000000000000 0.000000000000000 0.000000000000000
AFB_afb_hesse_108 0.085000000894070 0.000000000000000 0.000000000000000 0.000000000000000
  AFB_minos_108 6.000000000000000
 AFB_migrad_109 0.000000000000000 -2802.609176100678269
AFB_fh_migrad_109 0.191781881514800 0.000000000000000 0.000000000000000 0.000000000000000
AFB_afb_migrad_109 0.094999998807907 0.000000000000000 0.000000000000000 0.000000000000000
  AFB_hesse_109 0.000000000000000
AFB_fh_hesse_109 0.191781881514800 0.000000000000000 0.000000000000000 0.000000000000000
AFB_afb_hesse_109 0.094999998807907 0.000000000000000 0.000000000000000 0.000000000000000
  AFB_minos_109 6.000000000000000
 AFB_migrad_110 0.000000000000000 -2802.352283024089047
AFB_fh_migrad_110 0.211773943648657 0.000000000000000 0.000000000000000 0.000000000000000
AFB_afb_migrad_110 0.104999996721745 0.000000000000000 0.000000000000000 0.000000000000000
  AFB_hesse_110 0.000000000000000
AFB_fh_hesse_110 0.211773943648657 0.000000000000000 0.000000000000000 0.000000000000000
AFB_afb_hesse_110 0.104999996721745 0.000000000000000 0.000000000000000 0.000000000000000
  AFB_minos_110 6.000000000000000
 AFB_migrad_111 0.000000000000000 -2802.049876628405855
AFB_fh_migrad_111 0.231760283137350 0.000000000000000 0.000000000000000 0.000000000000000
AFB_afb_migrad_111 0.115000002086163 0.000000000000000 0.000000000000000 0.000000000000000
  AFB_hesse_111 0.000000000000000
AFB_fh_hesse_111 0.231760283137350 0.000000000000000 0.000000000000000 0.000000000000000
AFB_afb_hesse_111 0.115000002086163 0.000000000000000 0.000000000000000 0.000000000000000
  AFB_minos_111 6.000000000000000
 AFB_migrad_112 0.000000000000000 -2801.704789050766976
AFB_fh_migrad_112 0.251740846133039 0.000000000000000 0.000000000000000 0.000000000000000
AFB_afb_migrad_112 0.125000000000000 0.000000000000000 0.000000000000000 0.000000000000000
  AFB_hesse_112 0.000000000000000
AFB_fh_hesse_112 0.251740846133039 0.000000000000000 0.000000000000000 0.000000000000000
AFB_afb_hesse_112 0.125000000000000 0.000000000000000 0.000000000000000 0.000000000000000
  AFB_minos_112 6.000000000000000
 AFB_migrad_113 0.000000000000000 -2801.319777431049715
AFB_fh_migrad_113 0.271690248653783 0.000000000000000 0.000000000000000 0.000000000000000
AFB_afb_migrad_113 0.135000005364418 0.000000000000000 0.000000000000000 0.000000000000000
  AFB_hesse_113 0.000000000000000
AFB_fh_hesse_113 0.271690248653783 0.000000000000000 0.000000000000000 0.000000000000000
AFB_afb_hesse_113 0.135000005364418 0.000000000000000 0.000000000000000 0.000000000000000
  AFB_minos_113 6.000000000000000
 AFB_migrad_114 0.000000000000000 -2800.896983391028698
AFB_fh_migrad_114 0.291621729279419 0.000000000000000 0.000000000000000 0.000000000000000
AFB_afb_migrad_114 0.144999995827675 0.000000000000000 0.000000000000000 0.000000000000000
  AFB_hesse_114 0.000000000000000
AFB_fh_hesse_114 0.291621729279419 0.000000000000000 0.000000000000000 0.000000000000000
AFB_afb_hesse_114 0.144999995827675 0.000000000000000 0.000000000000000 0.000000000000000
  AFB_minos_114    6.000000000000000
