         CARD:
              
    FH_migrad_0 0.000000000000000 -7239.462699319066814
 FH_fh_migrad_0 0.004999999888241 0.000000000000000 0.000000000000000 0.000000000000000
FH_afb_migrad_0 -0.002313957183347 0.000000000000000 0.000000000000000 0.000000000000000
     FH_hesse_0 0.000000000000000
  FH_fh_hesse_0 0.004999999888241 0.000000000000000 0.000000000000000 0.000000000000000
 FH_afb_hesse_0 -0.002313957183347 0.000000000000000 0.000000000000000 0.000000000000000
     FH_minos_0 6.000000000000000
    FH_migrad_1 0.000000000000000 -7239.405963848908868
 FH_fh_migrad_1 0.014999999664724 0.000000000000000 0.000000000000000 0.000000000000000
FH_afb_migrad_1 -0.007478780451401 0.000000000000000 0.000000000000000 0.000000000000000
     FH_hesse_1 0.000000000000000
  FH_fh_hesse_1 0.014999999664724 0.000000000000000 0.000000000000000 0.000000000000000
 FH_afb_hesse_1 -0.007478780451401 0.000000000000000 0.000000000000000 0.000000000000000
     FH_minos_1 6.000000000000000
    FH_migrad_2 0.000000000000000 -7239.337105404557406
 FH_fh_migrad_2 0.025000000372529 0.000000000000000 0.000000000000000 0.000000000000000
FH_afb_migrad_2 -0.012434877978046 0.000000000000000 0.000000000000000 0.000000000000000
     FH_hesse_2 0.000000000000000
  FH_fh_hesse_2 0.025000000372529 0.000000000000000 0.000000000000000 0.000000000000000
 FH_afb_hesse_2 -0.012434877978046 0.000000000000000 0.000000000000000 0.000000000000000
     FH_minos_2 6.000000000000000
    FH_migrad_3 0.000000000000000 -7239.260113966228346
 FH_fh_migrad_3 0.035000000149012 0.000000000000000 0.000000000000000 0.000000000000000
FH_afb_migrad_3 -0.015711763724122 0.000000000000000 0.000000000000000 0.000000000000000
     FH_hesse_3 0.000000000000000
  FH_fh_hesse_3 0.035000000149012 0.000000000000000 0.000000000000000 0.000000000000000
 FH_afb_hesse_3 -0.015711763724122 0.000000000000000 0.000000000000000 0.000000000000000
     FH_minos_3 6.000000000000000
    FH_migrad_4 0.000000000000000 -7239.184266463465065
 FH_fh_migrad_4 0.045000001788139 0.000000000000000 0.000000000000000 0.000000000000000
FH_afb_migrad_4 -0.012399615822881 0.000000000000000 0.000000000000000 0.000000000000000
     FH_hesse_4 0.000000000000000
  FH_fh_hesse_4 0.045000001788139 0.000000000000000 0.000000000000000 0.000000000000000
 FH_afb_hesse_4 -0.012399615822881 0.000000000000000 0.000000000000000 0.000000000000000
     FH_minos_4 6.000000000000000
    FH_migrad_5 0.000000000000000 -7239.101287553678048
 FH_fh_migrad_5 0.054999999701977 0.000000000000000 0.000000000000000 0.000000000000000
FH_afb_migrad_5 -0.013081995366310 0.000000000000000 0.000000000000000 0.000000000000000
     FH_hesse_5 0.000000000000000
  FH_fh_hesse_5 0.054999999701977 0.000000000000000 0.000000000000000 0.000000000000000
 FH_afb_hesse_5 -0.013081995366310 0.000000000000000 0.000000000000000 0.000000000000000
     FH_minos_5 6.000000000000000
    FH_migrad_6 0.000000000000000 -7239.014147832320305
 FH_fh_migrad_6 0.064999997615814 0.000000000000000 0.000000000000000 0.000000000000000
FH_afb_migrad_6 -0.013770425523839 0.000000000000000 0.000000000000000 0.000000000000000
     FH_hesse_6 0.000000000000000
  FH_fh_hesse_6 0.064999997615814 0.000000000000000 0.000000000000000 0.000000000000000
 FH_afb_hesse_6 -0.013770425523839 0.000000000000000 0.000000000000000 0.000000000000000
     FH_minos_6 6.000000000000000
    FH_migrad_7 0.000000000000000 -7238.922910939716530
 FH_fh_migrad_7 0.075000002980232 0.000000000000000 0.000000000000000 0.000000000000000
FH_afb_migrad_7 -0.014464160596254 0.000000000000000 0.000000000000000 0.000000000000000
     FH_hesse_7 0.000000000000000
  FH_fh_hesse_7 0.075000002980232 0.000000000000000 0.000000000000000 0.000000000000000
 FH_afb_hesse_7 -0.014464160596254 0.000000000000000 0.000000000000000 0.000000000000000
     FH_minos_7 6.000000000000000
    FH_migrad_8 0.000000000000000 -7238.827637775938456
 FH_fh_migrad_8 0.085000000894070 0.000000000000000 0.000000000000000 0.000000000000000
FH_afb_migrad_8 -0.015162514458881 0.000000000000000 0.000000000000000 0.000000000000000
     FH_hesse_8 0.000000000000000
  FH_fh_hesse_8 0.085000000894070 0.000000000000000 0.000000000000000 0.000000000000000
 FH_afb_hesse_8 -0.015162514458881 0.000000000000000 0.000000000000000 0.000000000000000
     FH_minos_8 0.000000000000000
    FH_migrad_9 0.000000000000000 -7238.728386543240958
 FH_fh_migrad_9 0.094999998807907 0.000000000000000 0.000000000000000 0.000000000000000
FH_afb_migrad_9 -0.015868583277005 0.000000000000000 0.000000000000000 0.000000000000000
     FH_hesse_9 0.000000000000000
  FH_fh_hesse_9 0.094999998807907 0.000000000000000 0.000000000000000 0.000000000000000
 FH_afb_hesse_9 -0.015868583277005 0.000000000000000 0.000000000000000 0.000000000000000
     FH_minos_9 0.000000000000000
   FH_migrad_10 0.000000000000000 -7238.625212280107007
FH_fh_migrad_10 0.104999996721745 0.000000000000000 0.000000000000000 0.000000000000000
FH_afb_migrad_10 -0.016574260995024 0.000000000000000 0.000000000000000 0.000000000000000
    FH_hesse_10 0.000000000000000
 FH_fh_hesse_10 0.104999996721745 0.000000000000000 0.000000000000000 0.000000000000000
FH_afb_hesse_10 -0.016574260995024 0.000000000000000 0.000000000000000 0.000000000000000
    FH_minos_10 0.000000000000000
   FH_migrad_11 0.000000000000000 -7238.518082016031258
FH_fh_migrad_11 0.115000002086163 0.000000000000000 0.000000000000000 0.000000000000000
FH_afb_migrad_11 -0.017213107607485 0.000000000000000 0.000000000000000 0.000000000000000
    FH_hesse_11 0.000000000000000
 FH_fh_hesse_11 0.115000002086163 0.000000000000000 0.000000000000000 0.000000000000000
FH_afb_hesse_11 -0.017213107607485 0.000000000000000 0.000000000000000 0.000000000000000
    FH_minos_11 0.000000000000000
   FH_migrad_12 0.000000000000000 -7238.407222149900008
FH_fh_migrad_12 0.125000000000000 0.000000000000000 0.000000000000000 0.000000000000000
FH_afb_migrad_12 -0.017926203486192 0.000000000000000 0.000000000000000 0.000000000000000
    FH_hesse_12 0.000000000000000
 FH_fh_hesse_12 0.125000000000000 0.000000000000000 0.000000000000000 0.000000000000000
FH_afb_hesse_12 -0.017926203486192 0.000000000000000 0.000000000000000 0.000000000000000
    FH_minos_12 0.000000000000000
   FH_migrad_13 0.000000000000000 -7238.292592441156557
FH_fh_migrad_13 0.135000005364418 0.000000000000000 0.000000000000000 0.000000000000000
FH_afb_migrad_13 -0.018641130030898 0.000000000000000 0.000000000000000 0.000000000000000
    FH_hesse_13 0.000000000000000
 FH_fh_hesse_13 0.135000005364418 0.000000000000000 0.000000000000000 0.000000000000000
FH_afb_hesse_13 -0.018641130030898 0.000000000000000 0.000000000000000 0.000000000000000
    FH_minos_13 0.000000000000000
   FH_migrad_14 0.000000000000000 -7238.174240174502302
FH_fh_migrad_14 0.144999995827675 0.000000000000000 0.000000000000000 0.000000000000000
FH_afb_migrad_14 -0.019357462542688 0.000000000000000 0.000000000000000 0.000000000000000
    FH_hesse_14 0.000000000000000
 FH_fh_hesse_14 0.144999995827675 0.000000000000000 0.000000000000000 0.000000000000000
FH_afb_hesse_14 -0.019357462542688 0.000000000000000 0.000000000000000 0.000000000000000
    FH_minos_14 0.000000000000000
   FH_migrad_15 0.000000000000000 -7238.052210243367881
FH_fh_migrad_15 0.155000001192093 0.000000000000000 0.000000000000000 0.000000000000000
FH_afb_migrad_15 -0.020074812414048 0.000000000000000 0.000000000000000 0.000000000000000
    FH_hesse_15 0.000000000000000
 FH_fh_hesse_15 0.155000001192093 0.000000000000000 0.000000000000000 0.000000000000000
FH_afb_hesse_15 -0.020074812414048 0.000000000000000 0.000000000000000 0.000000000000000
    FH_minos_15 0.000000000000000
   FH_migrad_16 0.000000000000000 -7237.926546403382417
FH_fh_migrad_16 0.165000006556511 0.000000000000000 0.000000000000000 0.000000000000000
FH_afb_migrad_16 -0.020792817354673 0.000000000000000 0.000000000000000 0.000000000000000
    FH_hesse_16 0.000000000000000
 FH_fh_hesse_16 0.165000006556511 0.000000000000000 0.000000000000000 0.000000000000000
FH_afb_hesse_16 -0.020792817354673 0.000000000000000 0.000000000000000 0.000000000000000
    FH_minos_16 0.000000000000000
   FH_migrad_17 0.000000000000000 -7237.797290872348640
FH_fh_migrad_17 0.174999997019768 0.000000000000000 0.000000000000000 0.000000000000000
FH_afb_migrad_17 -0.021511142024667 0.000000000000000 0.000000000000000 0.000000000000000
    FH_hesse_17 0.000000000000000
 FH_fh_hesse_17 0.174999997019768 0.000000000000000 0.000000000000000 0.000000000000000
FH_afb_hesse_17 -0.021511142024667 0.000000000000000 0.000000000000000 0.000000000000000
    FH_minos_17 0.000000000000000
   FH_migrad_18 0.000000000000000 -7237.664483824252784
FH_fh_migrad_18 0.185000002384186 0.000000000000000 0.000000000000000 0.000000000000000
FH_afb_migrad_18 -0.022229478914722 0.000000000000000 0.000000000000000 0.000000000000000
    FH_hesse_18 0.000000000000000
 FH_fh_hesse_18 0.185000002384186 0.000000000000000 0.000000000000000 0.000000000000000
FH_afb_hesse_18 -0.022229478914722 0.000000000000000 0.000000000000000 0.000000000000000
    FH_minos_18 0.000000000000000
   FH_migrad_19 0.000000000000000 -7237.528164839303827
FH_fh_migrad_19 0.194999992847443 0.000000000000000 0.000000000000000 0.000000000000000
FH_afb_migrad_19 -0.022947538754418 0.000000000000000 0.000000000000000 0.000000000000000
    FH_hesse_19 0.000000000000000
 FH_fh_hesse_19 0.194999992847443 0.000000000000000 0.000000000000000 0.000000000000000
FH_afb_hesse_19 -0.022947538754418 0.000000000000000 0.000000000000000 0.000000000000000
    FH_minos_19 0.000000000000000
  AFB_migrad_90 0.000000000000000 -7236.766894822488212
AFB_fh_migrad_90 0.190038203461254 0.000000000000000 0.000000000000000 0.000000000000000
AFB_afb_migrad_90 -0.094999998807907 0.000000000000000 0.000000000000000 0.000000000000000
   AFB_hesse_90 0.000000000000000
AFB_fh_hesse_90 0.190038203461254 0.000000000000000 0.000000000000000 0.000000000000000
AFB_afb_hesse_90 -0.094999998807907 0.000000000000000 0.000000000000000 0.000000000000000
   AFB_minos_90 6.000000000000000
  AFB_migrad_91 0.000000000000000 -7237.207277241285738
AFB_fh_migrad_91 0.170029168995342 0.000000000000000 0.000000000000000 0.000000000000000
AFB_afb_migrad_91 -0.085000000894070 0.000000000000000 0.000000000000000 0.000000000000000
   AFB_hesse_91 0.000000000000000
AFB_fh_hesse_91 0.170029168995342 0.000000000000000 0.000000000000000 0.000000000000000
AFB_afb_hesse_91 -0.085000000894070 0.000000000000000 0.000000000000000 0.000000000000000
   AFB_minos_91 6.000000000000000
  AFB_migrad_92 0.000000000000000 -7237.614938724982494
AFB_fh_migrad_92 0.150002916504119 0.000000000000000 0.000000000000000 0.000000000000000
AFB_afb_migrad_92 -0.075000002980232 0.000000000000000 0.000000000000000 0.000000000000000
   AFB_hesse_92 0.000000000000000
AFB_fh_hesse_92 0.150002916504119 0.000000000000000 0.000000000000000 0.000000000000000
AFB_afb_hesse_92 -0.075000002980232 0.000000000000000 0.000000000000000 0.000000000000000
   AFB_minos_92 6.000000000000000
  AFB_migrad_93 0.000000000000000 -7237.988223645210383
AFB_fh_migrad_93 0.130016793608775 0.000000000000000 0.000000000000000 0.000000000000000
AFB_afb_migrad_93 -0.064999997615814 0.000000000000000 0.000000000000000 0.000000000000000
   AFB_hesse_93 0.000000000000000
AFB_fh_hesse_93 0.130016793608775 0.000000000000000 0.000000000000000 0.000000000000000
AFB_afb_hesse_93 -0.064999997615814 0.000000000000000 0.000000000000000 0.000000000000000
   AFB_minos_93 6.000000000000000
  AFB_migrad_94 0.000000000000000 -7238.324804109809520
AFB_fh_migrad_94 0.110196177355733 0.000000000000000 0.000000000000000 0.000000000000000
AFB_afb_migrad_94 -0.054999999701977 0.000000000000000 0.000000000000000 0.000000000000000
   AFB_hesse_94 0.000000000000000
AFB_fh_hesse_94 0.110196177355733 0.000000000000000 0.000000000000000 0.000000000000000
AFB_afb_hesse_94 -0.054999999701977 0.000000000000000 0.000000000000000 0.000000000000000
   AFB_minos_94 6.000000000000000
  AFB_migrad_95 0.000000000000000 -7238.622275455638373
AFB_fh_migrad_95 0.090684482008267 0.000000000000000 0.000000000000000 0.000000000000000
AFB_afb_migrad_95 -0.045000001788139 0.000000000000000 0.000000000000000 0.000000000000000
   AFB_hesse_95 0.000000000000000
AFB_fh_hesse_95 0.090684482008267 0.000000000000000 0.000000000000000 0.000000000000000
AFB_afb_hesse_95 -0.045000001788139 0.000000000000000 0.000000000000000 0.000000000000000
   AFB_minos_95 6.000000000000000
  AFB_migrad_96 0.000000000000000 -7238.886426396838033
AFB_fh_migrad_96 0.070679715723822 0.000000000000000 0.000000000000000 0.000000000000000
AFB_afb_migrad_96 -0.035000000149012 0.000000000000000 0.000000000000000 0.000000000000000
   AFB_hesse_96 0.000000000000000
AFB_fh_hesse_96 0.070679715723822 0.000000000000000 0.000000000000000 0.000000000000000
AFB_afb_hesse_96 -0.035000000149012 0.000000000000000 0.000000000000000 0.000000000000000
   AFB_minos_96 6.000000000000000
  AFB_migrad_97 0.000000000000000 -7239.110879428506450
AFB_fh_migrad_97 0.050675163747788 0.000000000000000 0.000000000000000 0.000000000000000
AFB_afb_migrad_97 -0.025000000372529 0.000000000000000 0.000000000000000 0.000000000000000
   AFB_hesse_97 0.000000000000000
AFB_fh_hesse_97 0.050675163747788 0.000000000000000 0.000000000000000 0.000000000000000
AFB_afb_hesse_97 -0.025000000372529 0.000000000000000 0.000000000000000 0.000000000000000
   AFB_minos_97 6.000000000000000
  AFB_migrad_98 0.000000000000000 -7239.297668814563622
AFB_fh_migrad_98 0.030098322559064 0.000000000000000 0.000000000000000 0.000000000000000
AFB_afb_migrad_98 -0.014999999664724 0.000000000000000 0.000000000000000 0.000000000000000
   AFB_hesse_98 0.000000000000000
AFB_fh_hesse_98 0.030098322559064 0.000000000000000 0.000000000000000 0.000000000000000
AFB_afb_hesse_98 -0.014999999664724 0.000000000000000 0.000000000000000 0.000000000000000
   AFB_minos_98 6.000000000000000
  AFB_migrad_99 0.000000000000000 -7239.430640874357778
AFB_fh_migrad_99 0.010812164995018 0.000000000000000 0.000000000000000 0.000000000000000
AFB_afb_migrad_99 -0.004999999888241 0.000000000000000 0.000000000000000 0.000000000000000
   AFB_hesse_99 0.000000000000000
AFB_fh_hesse_99 0.010812164995018 0.000000000000000 0.000000000000000 0.000000000000000
AFB_afb_hesse_99 -0.004999999888241 0.000000000000000 0.000000000000000 0.000000000000000
   AFB_minos_99 6.000000000000000
 AFB_migrad_100 0.000000000000000 -7239.394338407399118
AFB_fh_migrad_100 0.010556960351622 0.000000000000000 0.000000000000000 0.000000000000000
AFB_afb_migrad_100 0.004999999888241 0.000000000000000 0.000000000000000 0.000000000000000
  AFB_hesse_100 0.000000000000000
AFB_fh_hesse_100 0.010556960351622 0.000000000000000 0.000000000000000 0.000000000000000
AFB_afb_hesse_100 0.004999999888241 0.000000000000000 0.000000000000000 0.000000000000000
  AFB_minos_100 6.000000000000000
 AFB_migrad_101 0.000000000000000 -7239.169368029400175
AFB_fh_migrad_101 0.030512370573049 0.000000000000000 0.000000000000000 0.000000000000000
AFB_afb_migrad_101 0.014999999664724 0.000000000000000 0.000000000000000 0.000000000000000
  AFB_hesse_101 0.000000000000000
AFB_fh_hesse_101 0.030512370573049 0.000000000000000 0.000000000000000 0.000000000000000
AFB_afb_hesse_101 0.014999999664724 0.000000000000000 0.000000000000000 0.000000000000000
  AFB_minos_101 6.000000000000000
 AFB_migrad_102 0.000000000000000 -7238.880722009318561
AFB_fh_migrad_102 0.051021164501777 0.000000000000000 0.000000000000000 0.000000000000000
AFB_afb_migrad_102 0.025000000372529 0.000000000000000 0.000000000000000 0.000000000000000
  AFB_hesse_102 0.000000000000000
AFB_fh_hesse_102 0.051021164501777 0.000000000000000 0.000000000000000 0.000000000000000
AFB_afb_hesse_102 0.025000000372529 0.000000000000000 0.000000000000000 0.000000000000000
  AFB_minos_102 6.000000000000000
 AFB_migrad_103 0.000000000000000 -7238.542554519952319
AFB_fh_migrad_103 0.070825006852686 0.000000000000000 0.000000000000000 0.000000000000000
AFB_afb_migrad_103 0.035000000149012 0.000000000000000 0.000000000000000 0.000000000000000
  AFB_hesse_103 0.000000000000000
AFB_fh_hesse_103 0.070825006852686 0.000000000000000 0.000000000000000 0.000000000000000
AFB_afb_hesse_103 0.035000000149012 0.000000000000000 0.000000000000000 0.000000000000000
  AFB_minos_103 6.000000000000000
 AFB_migrad_104 0.000000000000000 -7238.158984939945185
AFB_fh_migrad_104 0.090005423055891 0.000000000000000 0.000000000000000 0.000000000000000
AFB_afb_migrad_104 0.045000001788139 0.000000000000000 0.000000000000000 0.000000000000000
  AFB_hesse_104 0.000000000000000
AFB_fh_hesse_104 0.090005423055891 0.000000000000000 0.000000000000000 0.000000000000000
AFB_afb_hesse_104 0.045000001788139 0.000000000000000 0.000000000000000 0.000000000000000
  AFB_minos_104 6.000000000000000
 AFB_migrad_105 0.000000000000000 -7237.715649373245469
AFB_fh_migrad_105 0.110160483767001 0.000000000000000 0.000000000000000 0.000000000000000
AFB_afb_migrad_105 0.054999999701977 0.000000000000000 0.000000000000000 0.000000000000000
  AFB_hesse_105 0.000000000000000
AFB_fh_hesse_105 0.110160483767001 0.000000000000000 0.000000000000000 0.000000000000000
AFB_afb_hesse_105 0.054999999701977 0.000000000000000 0.000000000000000 0.000000000000000
  AFB_minos_105 6.000000000000000
 AFB_migrad_106 0.000000000000000 -7237.220192060229238
AFB_fh_migrad_106 0.130678125625536 0.000000000000000 0.000000000000000 0.000000000000000
AFB_afb_migrad_106 0.064999997615814 0.000000000000000 0.000000000000000 0.000000000000000
  AFB_hesse_106 0.000000000000000
AFB_fh_hesse_106 0.130678125625536 0.000000000000000 0.000000000000000 0.000000000000000
AFB_afb_hesse_106 0.064999997615814 0.000000000000000 0.000000000000000 0.000000000000000
  AFB_minos_106 6.000000000000000
 AFB_migrad_107 0.000000000000000 -7236.687026032395806
AFB_fh_migrad_107 0.150552558932748 0.000000000000000 0.000000000000000 0.000000000000000
AFB_afb_migrad_107 0.075000002980232 0.000000000000000 0.000000000000000 0.000000000000000
  AFB_hesse_107 0.000000000000000
AFB_fh_hesse_107 0.150552558932748 0.000000000000000 0.000000000000000 0.000000000000000
AFB_afb_hesse_107 0.075000002980232 0.000000000000000 0.000000000000000 0.000000000000000
  AFB_minos_107 6.000000000000000
 AFB_migrad_108 0.000000000000000 -7236.110762899817928
AFB_fh_migrad_108 0.170428054136703 0.000000000000000 0.000000000000000 0.000000000000000
AFB_afb_migrad_108 0.085000000894070 0.000000000000000 0.000000000000000 0.000000000000000
  AFB_hesse_108 0.000000000000000
AFB_fh_hesse_108 0.170428054136703 0.000000000000000 0.000000000000000 0.000000000000000
AFB_afb_hesse_108 0.085000000894070 0.000000000000000 0.000000000000000 0.000000000000000
  AFB_minos_108 6.000000000000000
 AFB_migrad_109 0.000000000000000 -7235.493229424990204
AFB_fh_migrad_109 0.190304471091281 0.000000000000000 0.000000000000000 0.000000000000000
AFB_afb_migrad_109 0.094999998807907 0.000000000000000 0.000000000000000 0.000000000000000
  AFB_hesse_109 0.000000000000000
AFB_fh_hesse_109 0.190304471091281 0.000000000000000 0.000000000000000 0.000000000000000
AFB_afb_hesse_109 0.094999998807907 0.000000000000000 0.000000000000000 0.000000000000000
  AFB_minos_109    6.000000000000000
