         CARD:
              
    FH_migrad_0 0.000000000000000 -2559.718475080258941
 FH_fh_migrad_0 0.004000000189990 0.000000000000000 0.000000000000000 0.000000000000000
FH_afb_migrad_0 0.001606675713225 0.000000000000000 0.000000000000000 0.000000000000000
     FH_hesse_0 0.000000000000000
  FH_fh_hesse_0 0.004000000189990 0.000000000000000 0.000000000000000 0.000000000000000
 FH_afb_hesse_0 0.001606675713225 0.000000000000000 0.000000000000000 0.000000000000000
     FH_minos_0 6.000000000000000
    FH_migrad_1 0.000000000000000 -2559.739946120981131
 FH_fh_migrad_1 0.012000000104308 0.000000000000000 0.000000000000000 0.000000000000000
FH_afb_migrad_1 0.005817762081648 0.000000000000000 0.000000000000000 0.000000000000000
     FH_hesse_1 0.000000000000000
  FH_fh_hesse_1 0.012000000104308 0.000000000000000 0.000000000000000 0.000000000000000
 FH_afb_hesse_1 0.005817762081648 0.000000000000000 0.000000000000000 0.000000000000000
     FH_minos_1 6.000000000000000
    FH_migrad_2 0.000000000000000 -2559.748056282981906
 FH_fh_migrad_2 0.019999999552965 0.000000000000000 0.000000000000000 0.000000000000000
FH_afb_migrad_2 0.009336077032107 0.000000000000000 0.000000000000000 0.000000000000000
     FH_hesse_2 0.000000000000000
  FH_fh_hesse_2 0.019999999552965 0.000000000000000 0.000000000000000 0.000000000000000
 FH_afb_hesse_2 0.009336077032107 0.000000000000000 0.000000000000000 0.000000000000000
     FH_minos_2 6.000000000000000
    FH_migrad_3 0.000000000000000 -2559.746731039875158
 FH_fh_migrad_3 0.028000000864267 0.000000000000000 0.000000000000000 0.000000000000000
FH_afb_migrad_3 0.012007267020584 0.000000000000000 0.000000000000000 0.000000000000000
     FH_hesse_3 0.000000000000000
  FH_fh_hesse_3 0.028000000864267 0.000000000000000 0.000000000000000 0.000000000000000
 FH_afb_hesse_3 0.012007267020584 0.000000000000000 0.000000000000000 0.000000000000000
     FH_minos_3 6.000000000000000
    FH_migrad_4 0.000000000000000 -2559.741279669122832
 FH_fh_migrad_4 0.035999998450279 0.000000000000000 0.000000000000000 0.000000000000000
FH_afb_migrad_4 0.010617910938329 0.000000000000000 0.000000000000000 0.000000000000000
     FH_hesse_4 0.000000000000000
  FH_fh_hesse_4 0.035999998450279 0.000000000000000 0.000000000000000 0.000000000000000
 FH_afb_hesse_4 0.010617910938329 0.000000000000000 0.000000000000000 0.000000000000000
     FH_minos_4 6.000000000000000
    FH_migrad_5 0.000000000000000 -2559.732479431441789
 FH_fh_migrad_5 0.043999999761581 0.000000000000000 0.000000000000000 0.000000000000000
FH_afb_migrad_5 0.010251304350676 0.000000000000000 0.000000000000000 0.000000000000000
     FH_hesse_5 0.000000000000000
  FH_fh_hesse_5 0.043999999761581 0.000000000000000 0.000000000000000 0.000000000000000
 FH_afb_hesse_5 0.010251304350676 0.000000000000000 0.000000000000000 0.000000000000000
     FH_minos_5 6.000000000000000
    FH_migrad_6 0.000000000000000 -2559.720541132196104
 FH_fh_migrad_6 0.052000001072884 0.000000000000000 0.000000000000000 0.000000000000000
FH_afb_migrad_6 0.009693270365409 0.000000000000000 0.000000000000000 0.000000000000000
     FH_hesse_6 0.000000000000000
  FH_fh_hesse_6 0.052000001072884 0.000000000000000 0.000000000000000 0.000000000000000
 FH_afb_hesse_6 0.009693270365409 0.000000000000000 0.000000000000000 0.000000000000000
     FH_minos_6 6.000000000000000
    FH_migrad_7 0.000000000000000 -2559.705512060662841
 FH_fh_migrad_7 0.059999998658895 0.000000000000000 0.000000000000000 0.000000000000000
FH_afb_migrad_7 0.009135751790551 0.000000000000000 0.000000000000000 0.000000000000000
     FH_hesse_7 0.000000000000000
  FH_fh_hesse_7 0.059999998658895 0.000000000000000 0.000000000000000 0.000000000000000
 FH_afb_hesse_7 0.009135751790551 0.000000000000000 0.000000000000000 0.000000000000000
     FH_minos_7 6.000000000000000
    FH_migrad_8 0.000000000000000 -2559.687446492740037
 FH_fh_migrad_8 0.068000003695488 0.000000000000000 0.000000000000000 0.000000000000000
FH_afb_migrad_8 0.008578736437298 0.000000000000000 0.000000000000000 0.000000000000000
     FH_hesse_8 0.000000000000000
  FH_fh_hesse_8 0.068000003695488 0.000000000000000 0.000000000000000 0.000000000000000
 FH_afb_hesse_8 0.008578736437298 0.000000000000000 0.000000000000000 0.000000000000000
     FH_minos_8 6.000000000000000
    FH_migrad_9 0.000000000000000 -2559.666396648425689
 FH_fh_migrad_9 0.075999997556210 0.000000000000000 0.000000000000000 0.000000000000000
FH_afb_migrad_9 0.008022216748993 0.000000000000000 0.000000000000000 0.000000000000000
     FH_hesse_9 0.000000000000000
  FH_fh_hesse_9 0.075999997556210 0.000000000000000 0.000000000000000 0.000000000000000
 FH_afb_hesse_9 0.008022216748993 0.000000000000000 0.000000000000000 0.000000000000000
     FH_minos_9 6.000000000000000
   FH_migrad_10 0.000000000000000 -2559.642412647143829
FH_fh_migrad_10 0.083999998867512 0.000000000000000 0.000000000000000 0.000000000000000
FH_afb_migrad_10 0.007466184956125 0.000000000000000 0.000000000000000 0.000000000000000
    FH_hesse_10 0.000000000000000
 FH_fh_hesse_10 0.083999998867512 0.000000000000000 0.000000000000000 0.000000000000000
FH_afb_hesse_10 0.007466184956125 0.000000000000000 0.000000000000000 0.000000000000000
    FH_minos_10 6.000000000000000
   FH_migrad_11 0.000000000000000 -2559.615542770181492
FH_fh_migrad_11 0.092000000178814 0.000000000000000 0.000000000000000 0.000000000000000
FH_afb_migrad_11 0.006910637280009 0.000000000000000 0.000000000000000 0.000000000000000
    FH_hesse_11 0.000000000000000
 FH_fh_hesse_11 0.092000000178814 0.000000000000000 0.000000000000000 0.000000000000000
FH_afb_hesse_11 0.006910637280009 0.000000000000000 0.000000000000000 0.000000000000000
    FH_minos_11 0.000000000000000
   FH_migrad_12 0.000000000000000 -2559.585833476588959
FH_fh_migrad_12 0.100000001490116 0.000000000000000 0.000000000000000 0.000000000000000
FH_afb_migrad_12 0.006355571448373 0.000000000000000 0.000000000000000 0.000000000000000
    FH_hesse_12 0.000000000000000
 FH_fh_hesse_12 0.100000001490116 0.000000000000000 0.000000000000000 0.000000000000000
FH_afb_hesse_12 0.006355571448373 0.000000000000000 0.000000000000000 0.000000000000000
    FH_minos_12 0.000000000000000
   FH_migrad_13 0.000000000000000 -2559.553329514315010
FH_fh_migrad_13 0.108000002801418 0.000000000000000 0.000000000000000 0.000000000000000
FH_afb_migrad_13 0.005800987045167 0.000000000000000 0.000000000000000 0.000000000000000
    FH_hesse_13 0.000000000000000
 FH_fh_hesse_13 0.108000002801418 0.000000000000000 0.000000000000000 0.000000000000000
FH_afb_hesse_13 0.005800987045167 0.000000000000000 0.000000000000000 0.000000000000000
    FH_minos_13 0.000000000000000
   FH_migrad_14 0.000000000000000 -2559.518074041287491
FH_fh_migrad_14 0.115999996662140 0.000000000000000 0.000000000000000 0.000000000000000
FH_afb_migrad_14 0.005246885893604 0.000000000000000 0.000000000000000 0.000000000000000
    FH_hesse_14 0.000000000000000
 FH_fh_hesse_14 0.115999996662140 0.000000000000000 0.000000000000000 0.000000000000000
FH_afb_hesse_14 0.005246885893604 0.000000000000000 0.000000000000000 0.000000000000000
    FH_minos_14 0.000000000000000
   FH_migrad_15 0.000000000000000 -2559.480108572999143
FH_fh_migrad_15 0.123999997973442 0.000000000000000 0.000000000000000 0.000000000000000
FH_afb_migrad_15 0.004693269864095 0.000000000000000 0.000000000000000 0.000000000000000
    FH_hesse_15 0.000000000000000
 FH_fh_hesse_15 0.123999997973442 0.000000000000000 0.000000000000000 0.000000000000000
FH_afb_hesse_15 0.004693269864095 0.000000000000000 0.000000000000000 0.000000000000000
    FH_minos_15 0.000000000000000
   FH_migrad_16 0.000000000000000 -2559.439473255943540
FH_fh_migrad_16 0.131999999284744 0.000000000000000 0.000000000000000 0.000000000000000
FH_afb_migrad_16 0.004140143839796 0.000000000000000 0.000000000000000 0.000000000000000
    FH_hesse_16 0.000000000000000
 FH_fh_hesse_16 0.131999999284744 0.000000000000000 0.000000000000000 0.000000000000000
FH_afb_hesse_16 0.004140143839796 0.000000000000000 0.000000000000000 0.000000000000000
    FH_minos_16 0.000000000000000
   FH_migrad_17 0.000000000000000 -2559.396206810441072
FH_fh_migrad_17 0.140000000596046 0.000000000000000 0.000000000000000 0.000000000000000
FH_afb_migrad_17 0.003587513548223 0.000000000000000 0.000000000000000 0.000000000000000
    FH_hesse_17 0.000000000000000
 FH_fh_hesse_17 0.140000000596046 0.000000000000000 0.000000000000000 0.000000000000000
FH_afb_hesse_17 0.003587513548223 0.000000000000000 0.000000000000000 0.000000000000000
    FH_minos_17 0.000000000000000
   FH_migrad_18 0.000000000000000 -2559.350346629440082
FH_fh_migrad_18 0.148000001907349 0.000000000000000 0.000000000000000 0.000000000000000
FH_afb_migrad_18 0.003035385979411 0.000000000000000 0.000000000000000 0.000000000000000
    FH_hesse_18 0.000000000000000
 FH_fh_hesse_18 0.148000001907349 0.000000000000000 0.000000000000000 0.000000000000000
FH_afb_hesse_18 0.003035385979411 0.000000000000000 0.000000000000000 0.000000000000000
    FH_minos_18 0.000000000000000
   FH_migrad_19 0.000000000000000 -2559.301928841679000
FH_fh_migrad_19 0.156000003218651 0.000000000000000 0.000000000000000 0.000000000000000
FH_afb_migrad_19 0.002483769293988 0.000000000000000 0.000000000000000 0.000000000000000
    FH_hesse_19 0.000000000000000
 FH_fh_hesse_19 0.156000003218651 0.000000000000000 0.000000000000000 0.000000000000000
FH_afb_hesse_19 0.002483769293988 0.000000000000000 0.000000000000000 0.000000000000000
    FH_minos_19 0.000000000000000
   FH_migrad_20 0.000000000000000 -2559.250988371044059
FH_fh_migrad_20 0.164000004529953 0.000000000000000 0.000000000000000 0.000000000000000
FH_afb_migrad_20 0.001932672737591 0.000000000000000 0.000000000000000 0.000000000000000
    FH_hesse_20 0.000000000000000
 FH_fh_hesse_20 0.164000004529953 0.000000000000000 0.000000000000000 0.000000000000000
FH_afb_hesse_20 0.001932672737591 0.000000000000000 0.000000000000000 0.000000000000000
    FH_minos_20 0.000000000000000
   FH_migrad_21 0.000000000000000 -2559.197558992403174
FH_fh_migrad_21 0.172000005841255 0.000000000000000 0.000000000000000 0.000000000000000
FH_afb_migrad_21 0.001382106559761 0.000000000000000 0.000000000000000 0.000000000000000
    FH_hesse_21 0.000000000000000
 FH_fh_hesse_21 0.172000005841255 0.000000000000000 0.000000000000000 0.000000000000000
FH_afb_hesse_21 0.001382106559761 0.000000000000000 0.000000000000000 0.000000000000000
    FH_minos_21 0.000000000000000
   FH_migrad_22 0.000000000000000 -2559.141673384148362
FH_fh_migrad_22 0.180000007152557 0.000000000000000 0.000000000000000 0.000000000000000
FH_afb_migrad_22 0.000832081947691 0.000000000000000 0.000000000000000 0.000000000000000
    FH_hesse_22 0.000000000000000
 FH_fh_hesse_22 0.180000007152557 0.000000000000000 0.000000000000000 0.000000000000000
FH_afb_hesse_22 0.000832081947691 0.000000000000000 0.000000000000000 0.000000000000000
    FH_minos_22 0.000000000000000
   FH_migrad_23 0.000000000000000 -2559.083363288538749
FH_fh_migrad_23 0.187999993562698 0.000000000000000 0.000000000000000 0.000000000000000
FH_afb_migrad_23 0.000282611971090 0.000000000000000 0.000000000000000 0.000000000000000
    FH_hesse_23 0.000000000000000
 FH_fh_hesse_23 0.187999993562698 0.000000000000000 0.000000000000000 0.000000000000000
FH_afb_hesse_23 0.000282611971090 0.000000000000000 0.000000000000000 0.000000000000000
    FH_minos_23 0.000000000000000
   FH_migrad_24 0.000000000000000 -2559.022659119370019
FH_fh_migrad_24 0.195999994874001 0.000000000000000 0.000000000000000 0.000000000000000
FH_afb_migrad_24 -0.000266292549352 0.000000000000000 0.000000000000000 0.000000000000000
    FH_hesse_24 0.000000000000000
 FH_fh_hesse_24 0.195999994874001 0.000000000000000 0.000000000000000 0.000000000000000
FH_afb_hesse_24 -0.000266292549352 0.000000000000000 0.000000000000000 0.000000000000000
    FH_minos_24 0.000000000000000
   FH_migrad_25 0.000000000000000 -2558.959590657712852
FH_fh_migrad_25 0.203999996185303 0.000000000000000 0.000000000000000 0.000000000000000
FH_afb_migrad_25 -0.000814616995977 0.000000000000000 0.000000000000000 0.000000000000000
    FH_hesse_25 0.000000000000000
 FH_fh_hesse_25 0.203999996185303 0.000000000000000 0.000000000000000 0.000000000000000
FH_afb_hesse_25 -0.000814616995977 0.000000000000000 0.000000000000000 0.000000000000000
    FH_minos_25 0.000000000000000
   FH_migrad_26 0.000000000000000 -2558.894186663433629
FH_fh_migrad_26 0.211999997496605 0.000000000000000 0.000000000000000 0.000000000000000
FH_afb_migrad_26 -0.001362347077355 0.000000000000000 0.000000000000000 0.000000000000000
    FH_hesse_26 0.000000000000000
 FH_fh_hesse_26 0.211999997496605 0.000000000000000 0.000000000000000 0.000000000000000
FH_afb_hesse_26 -0.001362347077355 0.000000000000000 0.000000000000000 0.000000000000000
    FH_minos_26 0.000000000000000
   FH_migrad_27 0.000000000000000 -2558.826475020755879
FH_fh_migrad_27 0.219999998807907 0.000000000000000 0.000000000000000 0.000000000000000
FH_afb_migrad_27 -0.001909467863491 0.000000000000000 0.000000000000000 0.000000000000000
    FH_hesse_27 0.000000000000000
 FH_fh_hesse_27 0.219999998807907 0.000000000000000 0.000000000000000 0.000000000000000
FH_afb_hesse_27 -0.001909467863491 0.000000000000000 0.000000000000000 0.000000000000000
    FH_minos_27 0.000000000000000
   FH_migrad_28 0.000000000000000 -2558.756482775314907
FH_fh_migrad_28 0.228000000119209 0.000000000000000 0.000000000000000 0.000000000000000
FH_afb_migrad_28 -0.002455963836241 0.000000000000000 0.000000000000000 0.000000000000000
    FH_hesse_28 0.000000000000000
 FH_fh_hesse_28 0.228000000119209 0.000000000000000 0.000000000000000 0.000000000000000
FH_afb_hesse_28 -0.002455963836241 0.000000000000000 0.000000000000000 0.000000000000000
    FH_minos_28 0.000000000000000
   FH_migrad_29 0.000000000000000 -2558.684236169182896
FH_fh_migrad_29 0.236000001430511 0.000000000000000 0.000000000000000 0.000000000000000
FH_afb_migrad_29 -0.003001818940666 0.000000000000000 0.000000000000000 0.000000000000000
    FH_hesse_29 0.000000000000000
 FH_fh_hesse_29 0.236000001430511 0.000000000000000 0.000000000000000 0.000000000000000
FH_afb_hesse_29 -0.003001818940666 0.000000000000000 0.000000000000000 0.000000000000000
    FH_minos_29 0.000000000000000
   FH_migrad_30 0.000000000000000 -2558.609760674027712
FH_fh_migrad_30 0.244000002741814 0.000000000000000 0.000000000000000 0.000000000000000
FH_afb_migrad_30 -0.003547016614694 0.000000000000000 0.000000000000000 0.000000000000000
    FH_hesse_30 0.000000000000000
 FH_fh_hesse_30 0.244000002741814 0.000000000000000 0.000000000000000 0.000000000000000
FH_afb_hesse_30 -0.003547016614694 0.000000000000000 0.000000000000000 0.000000000000000
    FH_minos_30 0.000000000000000
   FH_migrad_31 0.000000000000000 -2558.533081022498209
FH_fh_migrad_31 0.252000004053116 0.000000000000000 0.000000000000000 0.000000000000000
FH_afb_migrad_31 -0.004091539845494 0.000000000000000 0.000000000000000 0.000000000000000
    FH_hesse_31 0.000000000000000
 FH_fh_hesse_31 0.252000004053116 0.000000000000000 0.000000000000000 0.000000000000000
FH_afb_hesse_31 -0.004091539845494 0.000000000000000 0.000000000000000 0.000000000000000
    FH_minos_31 0.000000000000000
   FH_migrad_32 0.000000000000000 -2558.454221386870813
FH_fh_migrad_32 0.259999990463257 0.000000000000000 0.000000000000000 0.000000000000000
FH_afb_migrad_32 -0.004635370193401 0.000000000000000 0.000000000000000 0.000000000000000
    FH_hesse_32 0.000000000000000
 FH_fh_hesse_32 0.259999990463257 0.000000000000000 0.000000000000000 0.000000000000000
FH_afb_hesse_32 -0.004635370193401 0.000000000000000 0.000000000000000 0.000000000000000
    FH_minos_32 0.000000000000000
   FH_migrad_33 0.000000000000000 -2558.373204662730132
FH_fh_migrad_33 0.268000006675720 0.000000000000000 0.000000000000000 0.000000000000000
FH_afb_migrad_33 -0.005178492867767 0.000000000000000 0.000000000000000 0.000000000000000
    FH_hesse_33 0.000000000000000
 FH_fh_hesse_33 0.268000006675720 0.000000000000000 0.000000000000000 0.000000000000000
FH_afb_hesse_33 -0.005178492867767 0.000000000000000 0.000000000000000 0.000000000000000
    FH_minos_33 0.000000000000000
   FH_migrad_34 0.000000000000000 -2558.290054141603378
FH_fh_migrad_34 0.275999993085861 0.000000000000000 0.000000000000000 0.000000000000000
FH_afb_migrad_34 -0.005720885683680 0.000000000000000 0.000000000000000 0.000000000000000
    FH_hesse_34 0.000000000000000
 FH_fh_hesse_34 0.275999993085861 0.000000000000000 0.000000000000000 0.000000000000000
FH_afb_hesse_34 -0.005720885683680 0.000000000000000 0.000000000000000 0.000000000000000
    FH_minos_34 0.000000000000000
   FH_migrad_35 0.000000000000000 -2558.204791263050993
FH_fh_migrad_35 0.284000009298325 0.000000000000000 0.000000000000000 0.000000000000000
FH_afb_migrad_35 -0.006262534190004 0.000000000000000 0.000000000000000 0.000000000000000
    FH_hesse_35 0.000000000000000
 FH_fh_hesse_35 0.284000009298325 0.000000000000000 0.000000000000000 0.000000000000000
FH_afb_hesse_35 -0.006262534190004 0.000000000000000 0.000000000000000 0.000000000000000
    FH_minos_35 0.000000000000000
   FH_migrad_36 0.000000000000000 -2558.117438116487392
FH_fh_migrad_36 0.291999995708466 0.000000000000000 0.000000000000000 0.000000000000000
FH_afb_migrad_36 -0.006803415627090 0.000000000000000 0.000000000000000 0.000000000000000
    FH_hesse_36 0.000000000000000
 FH_fh_hesse_36 0.291999995708466 0.000000000000000 0.000000000000000 0.000000000000000
FH_afb_hesse_36 -0.006803415627090 0.000000000000000 0.000000000000000 0.000000000000000
    FH_minos_36 0.000000000000000
   FH_migrad_37 0.000000000000000 -2558.028014923442697
FH_fh_migrad_37 0.300000011920929 0.000000000000000 0.000000000000000 0.000000000000000
FH_afb_migrad_37 -0.007343515001597 0.000000000000000 0.000000000000000 0.000000000000000
    FH_hesse_37 0.000000000000000
 FH_fh_hesse_37 0.300000011920929 0.000000000000000 0.000000000000000 0.000000000000000
FH_afb_hesse_37 -0.007343515001597 0.000000000000000 0.000000000000000 0.000000000000000
    FH_minos_37 0.000000000000000
  AFB_migrad_90 0.000000000000000 -2557.685011440426933
AFB_fh_migrad_90 0.190004780687069 0.000000000000000 0.000000000000000 0.000000000000000
AFB_afb_migrad_90 -0.094999998807907 0.000000000000000 0.000000000000000 0.000000000000000
   AFB_hesse_90 0.000000000000000
AFB_fh_hesse_90 0.190004780687069 0.000000000000000 0.000000000000000 0.000000000000000
AFB_afb_hesse_90 -0.094999998807907 0.000000000000000 0.000000000000000 0.000000000000000
   AFB_minos_90 6.000000000000000
  AFB_migrad_91 0.000000000000000 -2558.041870413918332
AFB_fh_migrad_91 0.170053459468660 0.000000000000000 0.000000000000000 0.000000000000000
AFB_afb_migrad_91 -0.085000000894070 0.000000000000000 0.000000000000000 0.000000000000000
   AFB_hesse_91 0.000000000000000
AFB_fh_hesse_91 0.170053459468660 0.000000000000000 0.000000000000000 0.000000000000000
AFB_afb_hesse_91 -0.085000000894070 0.000000000000000 0.000000000000000 0.000000000000000
   AFB_minos_91 6.000000000000000
  AFB_migrad_92 0.000000000000000 -2558.365729944222039
AFB_fh_migrad_92 0.151145212993119 0.000000000000000 0.000000000000000 0.000000000000000
AFB_afb_migrad_92 -0.075000002980232 0.000000000000000 0.000000000000000 0.000000000000000
   AFB_hesse_92 0.000000000000000
AFB_fh_hesse_92 0.151145212993119 0.000000000000000 0.000000000000000 0.000000000000000
AFB_afb_hesse_92 -0.075000002980232 0.000000000000000 0.000000000000000 0.000000000000000
   AFB_minos_92 6.000000000000000
  AFB_migrad_93 0.000000000000000 -2558.663836930081743
AFB_fh_migrad_93 0.130171188388047 0.000000000000000 0.000000000000000 0.000000000000000
AFB_afb_migrad_93 -0.064999997615814 0.000000000000000 0.000000000000000 0.000000000000000
   AFB_hesse_93 0.000000000000000
AFB_fh_hesse_93 0.130171188388047 0.000000000000000 0.000000000000000 0.000000000000000
AFB_afb_hesse_93 -0.064999997615814 0.000000000000000 0.000000000000000 0.000000000000000
   AFB_minos_93 6.000000000000000
  AFB_migrad_94 0.000000000000000 -2558.926711917313696
AFB_fh_migrad_94 0.110106862802741 0.000000000000000 0.000000000000000 0.000000000000000
AFB_afb_migrad_94 -0.054999999701977 0.000000000000000 0.000000000000000 0.000000000000000
   AFB_hesse_94 0.000000000000000
AFB_fh_hesse_94 0.110106862802741 0.000000000000000 0.000000000000000 0.000000000000000
AFB_afb_hesse_94 -0.054999999701977 0.000000000000000 0.000000000000000 0.000000000000000
   AFB_minos_94 6.000000000000000
  AFB_migrad_95 0.000000000000000 -2559.151149527189318
AFB_fh_migrad_95 0.092967302741518 0.000000000000000 0.000000000000000 0.000000000000000
AFB_afb_migrad_95 -0.045000001788139 0.000000000000000 0.000000000000000 0.000000000000000
   AFB_hesse_95 0.000000000000000
AFB_fh_hesse_95 0.092967302741518 0.000000000000000 0.000000000000000 0.000000000000000
AFB_afb_hesse_95 -0.045000001788139 0.000000000000000 0.000000000000000 0.000000000000000
   AFB_minos_95 6.000000000000000
  AFB_migrad_96 0.000000000000000 -2559.345099890231268
AFB_fh_migrad_96 0.072994551830748 0.000000000000000 0.000000000000000 0.000000000000000
AFB_afb_migrad_96 -0.035000000149012 0.000000000000000 0.000000000000000 0.000000000000000
   AFB_hesse_96 0.000000000000000
AFB_fh_hesse_96 0.072994551830748 0.000000000000000 0.000000000000000 0.000000000000000
AFB_afb_hesse_96 -0.035000000149012 0.000000000000000 0.000000000000000 0.000000000000000
   AFB_minos_96 6.000000000000000
  AFB_migrad_97 0.000000000000000 -2559.501222053951551
AFB_fh_migrad_97 0.053002398211897 0.000000000000000 0.000000000000000 0.000000000000000
AFB_afb_migrad_97 -0.025000000372529 0.000000000000000 0.000000000000000 0.000000000000000
   AFB_hesse_97 0.000000000000000
AFB_fh_hesse_97 0.053002398211897 0.000000000000000 0.000000000000000 0.000000000000000
AFB_afb_hesse_97 -0.025000000372529 0.000000000000000 0.000000000000000 0.000000000000000
   AFB_minos_97 6.000000000000000
  AFB_migrad_98 0.000000000000000 -2559.617418203102261
AFB_fh_migrad_98 0.034639503286496 0.000000000000000 0.000000000000000 0.000000000000000
AFB_afb_migrad_98 -0.014999999664724 0.000000000000000 0.000000000000000 0.000000000000000
   AFB_hesse_98 0.000000000000000
AFB_fh_hesse_98 0.034639503286496 0.000000000000000 0.000000000000000 0.000000000000000
AFB_afb_hesse_98 -0.014999999664724 0.000000000000000 0.000000000000000 0.000000000000000
   AFB_minos_98 6.000000000000000
  AFB_migrad_99 0.000000000000000 -2559.689566851884592
AFB_fh_migrad_99 0.012378247658128 0.000000000000000 0.000000000000000 0.000000000000000
AFB_afb_migrad_99 -0.004999999888241 0.000000000000000 0.000000000000000 0.000000000000000
   AFB_hesse_99 0.000000000000000
AFB_fh_hesse_99 0.012378247658128 0.000000000000000 0.000000000000000 0.000000000000000
AFB_afb_hesse_99 -0.004999999888241 0.000000000000000 0.000000000000000 0.000000000000000
   AFB_minos_99 6.000000000000000
 AFB_migrad_100 0.000000000000000 -2559.738270274373463
AFB_fh_migrad_100 0.013002864036589 0.000000000000000 0.000000000000000 0.000000000000000
AFB_afb_migrad_100 0.004999999888241 0.000000000000000 0.000000000000000 0.000000000000000
  AFB_hesse_100 0.000000000000000
AFB_fh_hesse_100 0.013002864036589 0.000000000000000 0.000000000000000 0.000000000000000
AFB_afb_hesse_100 0.004999999888241 0.000000000000000 0.000000000000000 0.000000000000000
  AFB_minos_100 6.000000000000000
 AFB_migrad_101 0.000000000000000 -2559.741172478365115
AFB_fh_migrad_101 0.032225615829292 0.000000000000000 0.000000000000000 0.000000000000000
AFB_afb_migrad_101 0.014999999664724 0.000000000000000 0.000000000000000 0.000000000000000
  AFB_hesse_101 0.000000000000000
AFB_fh_hesse_101 0.032225615829292 0.000000000000000 0.000000000000000 0.000000000000000
AFB_afb_hesse_101 0.014999999664724 0.000000000000000 0.000000000000000 0.000000000000000
  AFB_minos_101 6.000000000000000
 AFB_migrad_102 0.000000000000000 -2559.676609693212868
AFB_fh_migrad_102 0.052713741263797 0.000000000000000 0.000000000000000 0.000000000000000
AFB_afb_migrad_102 0.025000000372529 0.000000000000000 0.000000000000000 0.000000000000000
  AFB_hesse_102 0.000000000000000
AFB_fh_hesse_102 0.052713741263797 0.000000000000000 0.000000000000000 0.000000000000000
AFB_afb_hesse_102 0.025000000372529 0.000000000000000 0.000000000000000 0.000000000000000
  AFB_minos_102 6.000000000000000
 AFB_migrad_103 0.000000000000000 -2559.550980499544494
AFB_fh_migrad_103 0.073163892629199 0.000000000000000 0.000000000000000 0.000000000000000
AFB_afb_migrad_103 0.035000000149012 0.000000000000000 0.000000000000000 0.000000000000000
  AFB_hesse_103 0.000000000000000
AFB_fh_hesse_103 0.073163892629199 0.000000000000000 0.000000000000000 0.000000000000000
AFB_afb_hesse_103 0.035000000149012 0.000000000000000 0.000000000000000 0.000000000000000
  AFB_minos_103 6.000000000000000
 AFB_migrad_104 0.000000000000000 -2559.369928377733231
AFB_fh_migrad_104 0.093596568700597 0.000000000000000 0.000000000000000 0.000000000000000
AFB_afb_migrad_104 0.045000001788139 0.000000000000000 0.000000000000000 0.000000000000000
  AFB_hesse_104 0.000000000000000
AFB_fh_hesse_104 0.093596568700597 0.000000000000000 0.000000000000000 0.000000000000000
AFB_afb_hesse_104 0.045000001788139 0.000000000000000 0.000000000000000 0.000000000000000
  AFB_minos_104 6.000000000000000
 AFB_migrad_105 0.000000000000000 -2559.138071314106583
AFB_fh_migrad_105 0.114019309137368 0.000000000000000 0.000000000000000 0.000000000000000
AFB_afb_migrad_105 0.054999999701977 0.000000000000000 0.000000000000000 0.000000000000000
  AFB_hesse_105 0.000000000000000
AFB_fh_hesse_105 0.114019309137368 0.000000000000000 0.000000000000000 0.000000000000000
AFB_afb_hesse_105 0.054999999701977 0.000000000000000 0.000000000000000 0.000000000000000
  AFB_minos_105 6.000000000000000
 AFB_migrad_106 0.000000000000000 -2558.861653483293594
AFB_fh_migrad_106 0.134010000354894 0.000000000000000 0.000000000000000 0.000000000000000
AFB_afb_migrad_106 0.064999997615814 0.000000000000000 0.000000000000000 0.000000000000000
  AFB_hesse_106 0.000000000000000
AFB_fh_hesse_106 0.134010000354894 0.000000000000000 0.000000000000000 0.000000000000000
AFB_afb_hesse_106 0.064999997615814 0.000000000000000 0.000000000000000 0.000000000000000
  AFB_minos_106 6.000000000000000
 AFB_migrad_107 0.000000000000000 -2558.541754332995879
AFB_fh_migrad_107 0.154071872524002 0.000000000000000 0.000000000000000 0.000000000000000
AFB_afb_migrad_107 0.075000002980232 0.000000000000000 0.000000000000000 0.000000000000000
  AFB_hesse_107 0.000000000000000
AFB_fh_hesse_107 0.154071872524002 0.000000000000000 0.000000000000000 0.000000000000000
AFB_afb_hesse_107 0.075000002980232 0.000000000000000 0.000000000000000 0.000000000000000
  AFB_minos_107 6.000000000000000
 AFB_migrad_108 0.000000000000000 -2558.181833631639165
AFB_fh_migrad_108 0.174081183107010 0.000000000000000 0.000000000000000 0.000000000000000
AFB_afb_migrad_108 0.085000000894070 0.000000000000000 0.000000000000000 0.000000000000000
  AFB_hesse_108 0.000000000000000
AFB_fh_hesse_108 0.174081183107010 0.000000000000000 0.000000000000000 0.000000000000000
AFB_afb_hesse_108 0.085000000894070 0.000000000000000 0.000000000000000 0.000000000000000
  AFB_minos_108 6.000000000000000
 AFB_migrad_109 0.000000000000000 -2557.784525249604485
AFB_fh_migrad_109 0.194023518387598 0.000000000000000 0.000000000000000 0.000000000000000
AFB_afb_migrad_109 0.094999998807907 0.000000000000000 0.000000000000000 0.000000000000000
  AFB_hesse_109 0.000000000000000
AFB_fh_hesse_109 0.194023518387598 0.000000000000000 0.000000000000000 0.000000000000000
AFB_afb_hesse_109 0.094999998807907 0.000000000000000 0.000000000000000 0.000000000000000
  AFB_minos_109    6.000000000000000
