         CARD:
              
    FH_migrad_0 0.000000000000000 -23378.079953918157116
 FH_fh_migrad_0 0.009999999776483 0.000000000000000 0.000000000000000 0.000000000000000
FH_afb_migrad_0 -0.001988163821381 0.000000000000000 0.000000000000000 0.000000000000000
     FH_hesse_0 0.000000000000000
  FH_fh_hesse_0 0.009999999776483 0.000000000000000 0.000000000000000 0.000000000000000
 FH_afb_hesse_0 -0.001988163821381 0.000000000000000 0.000000000000000 0.000000000000000
     FH_minos_0 6.000000000000000
    FH_migrad_1 0.000000000000000 -23378.458948486204463
 FH_fh_migrad_1 0.029999999329448 0.000000000000000 0.000000000000000 0.000000000000000
FH_afb_migrad_1 -0.011347402603793 0.000000000000000 0.000000000000000 0.000000000000000
     FH_hesse_1 0.000000000000000
  FH_fh_hesse_1 0.029999999329448 0.000000000000000 0.000000000000000 0.000000000000000
 FH_afb_hesse_1 -0.011347402603793 0.000000000000000 0.000000000000000 0.000000000000000
     FH_minos_1 6.000000000000000
    FH_migrad_2 0.000000000000000 -23378.913179144172318
 FH_fh_migrad_2 0.050000000745058 0.000000000000000 0.000000000000000 0.000000000000000
FH_afb_migrad_2 -0.024932193555727 0.000000000000000 0.000000000000000 0.000000000000000
     FH_hesse_2 0.000000000000000
  FH_fh_hesse_2 0.050000000745058 0.000000000000000 0.000000000000000 0.000000000000000
 FH_afb_hesse_2 -0.024932193555727 0.000000000000000 0.000000000000000 0.000000000000000
     FH_minos_2 6.000000000000000
    FH_migrad_3 0.000000000000000 -23379.158517147243401
 FH_fh_migrad_3 0.070000000298023 0.000000000000000 0.000000000000000 0.000000000000000
FH_afb_migrad_3 -0.030826510705116 0.000000000000000 0.000000000000000 0.000000000000000
     FH_hesse_3 0.000000000000000
  FH_fh_hesse_3 0.070000000298023 0.000000000000000 0.000000000000000 0.000000000000000
 FH_afb_hesse_3 -0.030826510705116 0.000000000000000 0.000000000000000 0.000000000000000
     FH_minos_3 6.000000000000000
    FH_migrad_4 0.000000000000000 -23379.551990551193740
 FH_fh_migrad_4 0.090000003576279 0.000000000000000 0.000000000000000 0.000000000000000
FH_afb_migrad_4 -0.044850492600446 0.000000000000000 0.000000000000000 0.000000000000000
     FH_hesse_4 0.000000000000000
  FH_fh_hesse_4 0.090000003576279 0.000000000000000 0.000000000000000 0.000000000000000
 FH_afb_hesse_4 -0.044850492600446 0.000000000000000 0.000000000000000 0.000000000000000
     FH_minos_4 6.000000000000000
    FH_migrad_5 0.000000000000000 -23379.832220578693523
 FH_fh_migrad_5 0.109999999403954 0.000000000000000 0.000000000000000 0.000000000000000
FH_afb_migrad_5 -0.054919520844740 0.000000000000000 0.000000000000000 0.000000000000000
     FH_hesse_5 0.000000000000000
  FH_fh_hesse_5 0.109999999403954 0.000000000000000 0.000000000000000 0.000000000000000
 FH_afb_hesse_5 -0.054919520844740 0.000000000000000 0.000000000000000 0.000000000000000
     FH_minos_5 6.000000000000000
    FH_migrad_6 0.000000000000000 -23380.084553727981984
 FH_fh_migrad_6 0.129999995231628 0.000000000000000 0.000000000000000 0.000000000000000
FH_afb_migrad_6 -0.064979965033506 0.000000000000000 0.000000000000000 0.000000000000000
     FH_hesse_6 0.000000000000000
  FH_fh_hesse_6 0.129999995231628 0.000000000000000 0.000000000000000 0.000000000000000
 FH_afb_hesse_6 -0.064979965033506 0.000000000000000 0.000000000000000 0.000000000000000
     FH_minos_6 6.000000000000000
    FH_migrad_7 0.000000000000000 -23380.269243803173595
 FH_fh_migrad_7 0.150000005960464 0.000000000000000 0.000000000000000 0.000000000000000
FH_afb_migrad_7 -0.071952188253438 0.000000000000000 0.000000000000000 0.000000000000000
     FH_hesse_7 0.000000000000000
  FH_fh_hesse_7 0.150000005960464 0.000000000000000 0.000000000000000 0.000000000000000
 FH_afb_hesse_7 -0.071952188253438 0.000000000000000 0.000000000000000 0.000000000000000
     FH_minos_7 6.000000000000000
    FH_migrad_8 0.000000000000000 -23380.466051160285133
 FH_fh_migrad_8 0.170000001788139 0.000000000000000 0.000000000000000 0.000000000000000
FH_afb_migrad_8 -0.081419695938489 0.000000000000000 0.000000000000000 0.000000000000000
     FH_hesse_8 0.000000000000000
  FH_fh_hesse_8 0.170000001788139 0.000000000000000 0.000000000000000 0.000000000000000
 FH_afb_hesse_8 -0.081419695938489 0.000000000000000 0.000000000000000 0.000000000000000
     FH_minos_8 6.000000000000000
    FH_migrad_9 0.000000000000000 -23380.668413653758762
 FH_fh_migrad_9 0.189999997615814 0.000000000000000 0.000000000000000 0.000000000000000
FH_afb_migrad_9 -0.094361206450571 0.000000000000000 0.000000000000000 0.000000000000000
     FH_hesse_9 0.000000000000000
  FH_fh_hesse_9 0.189999997615814 0.000000000000000 0.000000000000000 0.000000000000000
 FH_afb_hesse_9 -0.094361206450571 0.000000000000000 0.000000000000000 0.000000000000000
     FH_minos_9 6.000000000000000
   FH_migrad_10 0.000000000000000 -23380.761927660478250
FH_fh_migrad_10 0.209999993443489 0.000000000000000 0.000000000000000 0.000000000000000
FH_afb_migrad_10 -0.097505738771056 0.000000000000000 0.000000000000000 0.000000000000000
    FH_hesse_10 0.000000000000000
 FH_fh_hesse_10 0.209999993443489 0.000000000000000 0.000000000000000 0.000000000000000
FH_afb_hesse_10 -0.097505738771056 0.000000000000000 0.000000000000000 0.000000000000000
    FH_minos_10 6.000000000000000
   FH_migrad_11 0.000000000000000 -23380.891418633655121
FH_fh_migrad_11 0.230000004172325 0.000000000000000 0.000000000000000 0.000000000000000
FH_afb_migrad_11 -0.107515461020296 0.000000000000000 0.000000000000000 0.000000000000000
    FH_hesse_11 0.000000000000000
 FH_fh_hesse_11 0.230000004172325 0.000000000000000 0.000000000000000 0.000000000000000
FH_afb_hesse_11 -0.107515461020296 0.000000000000000 0.000000000000000 0.000000000000000
    FH_minos_11 6.000000000000000
   FH_migrad_12 0.000000000000000 -23381.012824164365156
FH_fh_migrad_12 0.250000000000000 0.000000000000000 0.000000000000000 0.000000000000000
FH_afb_migrad_12 -0.124170929879489 0.000000000000000 0.000000000000000 0.000000000000000
    FH_hesse_12 0.000000000000000
 FH_fh_hesse_12 0.250000000000000 0.000000000000000 0.000000000000000 0.000000000000000
FH_afb_hesse_12 -0.124170929879489 0.000000000000000 0.000000000000000 0.000000000000000
    FH_minos_12 6.000000000000000
   FH_migrad_13 0.000000000000000 -23381.072076442200341
FH_fh_migrad_13 0.270000010728836 0.000000000000000 0.000000000000000 0.000000000000000
FH_afb_migrad_13 -0.132243704153714 0.000000000000000 0.000000000000000 0.000000000000000
    FH_hesse_13 0.000000000000000
 FH_fh_hesse_13 0.270000010728836 0.000000000000000 0.000000000000000 0.000000000000000
FH_afb_hesse_13 -0.132243704153714 0.000000000000000 0.000000000000000 0.000000000000000
    FH_minos_13 6.000000000000000
   FH_migrad_14 0.000000000000000 -23381.113641755870049
FH_fh_migrad_14 0.289999991655350 0.000000000000000 0.000000000000000 0.000000000000000
FH_afb_migrad_14 -0.135130307678461 0.000000000000000 0.000000000000000 0.000000000000000
    FH_hesse_14 0.000000000000000
 FH_fh_hesse_14 0.289999991655350 0.000000000000000 0.000000000000000 0.000000000000000
FH_afb_hesse_14 -0.135130307678461 0.000000000000000 0.000000000000000 0.000000000000000
    FH_minos_14 6.000000000000000
   FH_migrad_15 0.000000000000000 -23381.146323982840840
FH_fh_migrad_15 0.310000002384186 0.000000000000000 0.000000000000000 0.000000000000000
FH_afb_migrad_15 -0.135782248372907 0.000000000000000 0.000000000000000 0.000000000000000
    FH_hesse_15 0.000000000000000
 FH_fh_hesse_15 0.310000002384186 0.000000000000000 0.000000000000000 0.000000000000000
FH_afb_hesse_15 -0.135782248372907 0.000000000000000 0.000000000000000 0.000000000000000
    FH_minos_15 0.000000000000000
   FH_migrad_16 0.000000000000000 -23381.170613970163686
FH_fh_migrad_16 0.330000013113022 0.000000000000000 0.000000000000000 0.000000000000000
FH_afb_migrad_16 -0.136160277647286 0.000000000000000 0.000000000000000 0.000000000000000
    FH_hesse_16 0.000000000000000
 FH_fh_hesse_16 0.330000013113022 0.000000000000000 0.000000000000000 0.000000000000000
FH_afb_hesse_16 -0.136160277647286 0.000000000000000 0.000000000000000 0.000000000000000
    FH_minos_16 0.000000000000000
   FH_migrad_17 0.000000000000000 -23381.186601006233104
FH_fh_migrad_17 0.349999994039536 0.000000000000000 0.000000000000000 0.000000000000000
FH_afb_migrad_17 -0.136783735965569 0.000000000000000 0.000000000000000 0.000000000000000
    FH_hesse_17 0.000000000000000
 FH_fh_hesse_17 0.349999994039536 0.000000000000000 0.000000000000000 0.000000000000000
FH_afb_hesse_17 -0.136783735965569 0.000000000000000 0.000000000000000 0.000000000000000
    FH_minos_17 0.000000000000000
   FH_migrad_18 0.000000000000000 -23381.194159371021669
FH_fh_migrad_18 0.370000004768372 0.000000000000000 0.000000000000000 0.000000000000000
FH_afb_migrad_18 -0.137372660555732 0.000000000000000 0.000000000000000 0.000000000000000
    FH_hesse_18 0.000000000000000
 FH_fh_hesse_18 0.370000004768372 0.000000000000000 0.000000000000000 0.000000000000000
FH_afb_hesse_18 -0.137372660555732 0.000000000000000 0.000000000000000 0.000000000000000
    FH_minos_18 0.000000000000000
   FH_migrad_19 0.000000000000000 -23381.193230178647354
FH_fh_migrad_19 0.389999985694885 0.000000000000000 0.000000000000000 0.000000000000000
FH_afb_migrad_19 -0.137929610329525 0.000000000000000 0.000000000000000 0.000000000000000
    FH_hesse_19 0.000000000000000
 FH_fh_hesse_19 0.389999985694885 0.000000000000000 0.000000000000000 0.000000000000000
FH_afb_hesse_19 -0.137929610329525 0.000000000000000 0.000000000000000 0.000000000000000
    FH_minos_19 0.000000000000000
   FH_migrad_20 0.000000000000000 -23381.183749213207193
FH_fh_migrad_20 0.409999996423721 0.000000000000000 0.000000000000000 0.000000000000000
FH_afb_migrad_20 -0.138456874622672 0.000000000000000 0.000000000000000 0.000000000000000
    FH_hesse_20 0.000000000000000
 FH_fh_hesse_20 0.409999996423721 0.000000000000000 0.000000000000000 0.000000000000000
FH_afb_hesse_20 -0.138456874622672 0.000000000000000 0.000000000000000 0.000000000000000
    FH_minos_20 0.000000000000000
   FH_migrad_21 0.000000000000000 -23381.165647093155712
FH_fh_migrad_21 0.430000007152557 0.000000000000000 0.000000000000000 0.000000000000000
FH_afb_migrad_21 -0.138956511187229 0.000000000000000 0.000000000000000 0.000000000000000
    FH_hesse_21 0.000000000000000
 FH_fh_hesse_21 0.430000007152557 0.000000000000000 0.000000000000000 0.000000000000000
FH_afb_hesse_21 -0.138956511187229 0.000000000000000 0.000000000000000 0.000000000000000
    FH_minos_21 0.000000000000000
   FH_migrad_22 0.000000000000000 -23381.138849485443643
FH_fh_migrad_22 0.449999988079071 0.000000000000000 0.000000000000000 0.000000000000000
FH_afb_migrad_22 -0.139430382929999 0.000000000000000 0.000000000000000 0.000000000000000
    FH_hesse_22 0.000000000000000
 FH_fh_hesse_22 0.449999988079071 0.000000000000000 0.000000000000000 0.000000000000000
FH_afb_hesse_22 -0.139430382929999 0.000000000000000 0.000000000000000 0.000000000000000
    FH_minos_22 0.000000000000000
   FH_migrad_23 0.000000000000000 -23381.103277067006275
FH_fh_migrad_23 0.469999998807907 0.000000000000000 0.000000000000000 0.000000000000000
FH_afb_migrad_23 -0.139880187745304 0.000000000000000 0.000000000000000 0.000000000000000
    FH_hesse_23 0.000000000000000
 FH_fh_hesse_23 0.469999998807907 0.000000000000000 0.000000000000000 0.000000000000000
FH_afb_hesse_23 -0.139880187745304 0.000000000000000 0.000000000000000 0.000000000000000
    FH_minos_23 0.000000000000000
   FH_migrad_24 0.000000000000000 -23381.058845884741459
FH_fh_migrad_24 0.490000009536743 0.000000000000000 0.000000000000000 0.000000000000000
FH_afb_migrad_24 -0.140307476519376 0.000000000000000 0.000000000000000 0.000000000000000
    FH_hesse_24 0.000000000000000
 FH_fh_hesse_24 0.490000009536743 0.000000000000000 0.000000000000000 0.000000000000000
FH_afb_hesse_24 -0.140307476519376 0.000000000000000 0.000000000000000 0.000000000000000
    FH_minos_24 0.000000000000000
   FH_migrad_25 0.000000000000000 -23381.005467399605550
FH_fh_migrad_25 0.509999990463257 0.000000000000000 0.000000000000000 0.000000000000000
FH_afb_migrad_25 -0.140713673893235 0.000000000000000 0.000000000000000 0.000000000000000
    FH_hesse_25 0.000000000000000
 FH_fh_hesse_25 0.509999990463257 0.000000000000000 0.000000000000000 0.000000000000000
FH_afb_hesse_25 -0.140713673893235 0.000000000000000 0.000000000000000 0.000000000000000
    FH_minos_25 0.000000000000000
   FH_migrad_26 0.000000000000000 -23380.943048378627282
FH_fh_migrad_26 0.529999971389771 0.000000000000000 0.000000000000000 0.000000000000000
FH_afb_migrad_26 -0.141100094468043 0.000000000000000 0.000000000000000 0.000000000000000
    FH_hesse_26 0.000000000000000
 FH_fh_hesse_26 0.529999971389771 0.000000000000000 0.000000000000000 0.000000000000000
FH_afb_hesse_26 -0.141100094468043 0.000000000000000 0.000000000000000 0.000000000000000
    FH_minos_26 0.000000000000000
   FH_migrad_27 0.000000000000000 -23380.871490950572479
FH_fh_migrad_27 0.550000011920929 0.000000000000000 0.000000000000000 0.000000000000000
FH_afb_migrad_27 -0.141467954898725 0.000000000000000 0.000000000000000 0.000000000000000
    FH_hesse_27 0.000000000000000
 FH_fh_hesse_27 0.550000011920929 0.000000000000000 0.000000000000000 0.000000000000000
FH_afb_hesse_27 -0.141467954898725 0.000000000000000 0.000000000000000 0.000000000000000
    FH_minos_27 0.000000000000000
   FH_migrad_28 0.000000000000000 -23380.790693492795981
FH_fh_migrad_28 0.569999992847443 0.000000000000000 0.000000000000000 0.000000000000000
FH_afb_migrad_28 -0.141818381120634 0.000000000000000 0.000000000000000 0.000000000000000
    FH_hesse_28 0.000000000000000
 FH_fh_hesse_28 0.569999992847443 0.000000000000000 0.000000000000000 0.000000000000000
FH_afb_hesse_28 -0.141818381120634 0.000000000000000 0.000000000000000 0.000000000000000
    FH_minos_28 0.000000000000000
   FH_migrad_29 0.000000000000000 -23380.700549408102233
FH_fh_migrad_29 0.589999973773956 0.000000000000000 0.000000000000000 0.000000000000000
FH_afb_migrad_29 -0.142152424078637 0.000000000000000 0.000000000000000 0.000000000000000
    FH_hesse_29 0.000000000000000
 FH_fh_hesse_29 0.589999973773956 0.000000000000000 0.000000000000000 0.000000000000000
FH_afb_hesse_29 -0.142152424078637 0.000000000000000 0.000000000000000 0.000000000000000
    FH_minos_29 0.000000000000000
   FH_migrad_30 0.000000000000000 -23380.600947685816209
FH_fh_migrad_30 0.610000014305115 0.000000000000000 0.000000000000000 0.000000000000000
FH_afb_migrad_30 -0.142471064319017 0.000000000000000 0.000000000000000 0.000000000000000
    FH_hesse_30 0.000000000000000
 FH_fh_hesse_30 0.610000014305115 0.000000000000000 0.000000000000000 0.000000000000000
FH_afb_hesse_30 -0.142471064319017 0.000000000000000 0.000000000000000 0.000000000000000
    FH_minos_30 0.000000000000000
   FH_migrad_31 0.000000000000000 -23380.491773955876852
FH_fh_migrad_31 0.629999995231628 0.000000000000000 0.000000000000000 0.000000000000000
FH_afb_migrad_31 -0.142775216295274 0.000000000000000 0.000000000000000 0.000000000000000
    FH_hesse_31 0.000000000000000
 FH_fh_hesse_31 0.629999995231628 0.000000000000000 0.000000000000000 0.000000000000000
FH_afb_hesse_31 -0.142775216295274 0.000000000000000 0.000000000000000 0.000000000000000
    FH_minos_31 0.000000000000000
   FH_migrad_32 0.000000000000000 -23380.372964544589195
FH_fh_migrad_32 0.649999976158142 0.000000000000000 0.000000000000000 0.000000000000000
FH_afb_migrad_32 -0.143073951165987 0.000000000000000 0.000000000000000 0.000000000000000
    FH_hesse_32 0.000000000000000
 FH_fh_hesse_32 0.649999976158142 0.000000000000000 0.000000000000000 0.000000000000000
FH_afb_hesse_32 -0.143073951165987 0.000000000000000 0.000000000000000 0.000000000000000
    FH_minos_32 0.000000000000000
   FH_migrad_33 0.000000000000000 -23380.244284662421705
FH_fh_migrad_33 0.670000016689301 0.000000000000000 0.000000000000000 0.000000000000000
FH_afb_migrad_33 -0.143344973424383 0.000000000000000 0.000000000000000 0.000000000000000
    FH_hesse_33 0.000000000000000
 FH_fh_hesse_33 0.670000016689301 0.000000000000000 0.000000000000000 0.000000000000000
FH_afb_hesse_33 -0.143344973424383 0.000000000000000 0.000000000000000 0.000000000000000
    FH_minos_33 0.000000000000000
   FH_migrad_34 0.000000000000000 -23380.105662674799532
FH_fh_migrad_34 0.689999997615814 0.000000000000000 0.000000000000000 0.000000000000000
FH_afb_migrad_34 -0.143604485780534 0.000000000000000 0.000000000000000 0.000000000000000
    FH_hesse_34 0.000000000000000
 FH_fh_hesse_34 0.689999997615814 0.000000000000000 0.000000000000000 0.000000000000000
FH_afb_hesse_34 -0.143604485780534 0.000000000000000 0.000000000000000 0.000000000000000
    FH_minos_34 0.000000000000000
  AFB_migrad_70 0.000000000000000 -23378.088971879369637
AFB_fh_migrad_70 0.590310288216298 0.000000000000000 0.000000000000000 0.000000000000000
AFB_afb_migrad_70 -0.294999986886978 0.000000000000000 0.000000000000000 0.000000000000000
   AFB_hesse_70 0.000000000000000
AFB_fh_hesse_70 0.590310288216298 0.000000000000000 0.000000000000000 0.000000000000000
AFB_afb_hesse_70 -0.294999986886978 0.000000000000000 0.000000000000000 0.000000000000000
   AFB_minos_70 6.000000000000000
  AFB_migrad_71 0.000000000000000 -23378.499314485976356
AFB_fh_migrad_71 0.570281688327257 0.000000000000000 0.000000000000000 0.000000000000000
AFB_afb_migrad_71 -0.284999996423721 0.000000000000000 0.000000000000000 0.000000000000000
   AFB_hesse_71 0.000000000000000
AFB_fh_hesse_71 0.570281688327257 0.000000000000000 0.000000000000000 0.000000000000000
AFB_afb_hesse_71 -0.284999996423721 0.000000000000000 0.000000000000000 0.000000000000000
   AFB_minos_71 6.000000000000000
  AFB_migrad_72 0.000000000000000 -23378.878732838129508
AFB_fh_migrad_72 0.550254294737296 0.000000000000000 0.000000000000000 0.000000000000000
AFB_afb_migrad_72 -0.275000005960464 0.000000000000000 0.000000000000000 0.000000000000000
   AFB_hesse_72 0.000000000000000
AFB_fh_hesse_72 0.550254294737296 0.000000000000000 0.000000000000000 0.000000000000000
AFB_afb_hesse_72 -0.275000005960464 0.000000000000000 0.000000000000000 0.000000000000000
   AFB_minos_72 6.000000000000000
  AFB_migrad_73 0.000000000000000 -23379.227048550263135
AFB_fh_migrad_73 0.530382395900507 0.000000000000000 0.000000000000000 0.000000000000000
AFB_afb_migrad_73 -0.264999985694885 0.000000000000000 0.000000000000000 0.000000000000000
   AFB_hesse_73 0.000000000000000
AFB_fh_hesse_73 0.530382395900507 0.000000000000000 0.000000000000000 0.000000000000000
AFB_afb_hesse_73 -0.264999985694885 0.000000000000000 0.000000000000000 0.000000000000000
   AFB_minos_73 6.000000000000000
  AFB_migrad_74 0.000000000000000 -23379.545796319325746
AFB_fh_migrad_74 0.510202452528599 0.000000000000000 0.000000000000000 0.000000000000000
AFB_afb_migrad_74 -0.254999995231628 0.000000000000000 0.000000000000000 0.000000000000000
   AFB_hesse_74 0.000000000000000
AFB_fh_hesse_74 0.510202452528599 0.000000000000000 0.000000000000000 0.000000000000000
AFB_afb_hesse_74 -0.254999995231628 0.000000000000000 0.000000000000000 0.000000000000000
   AFB_minos_74 6.000000000000000
  AFB_migrad_75 0.000000000000000 -23379.833938775122078
AFB_fh_migrad_75 0.490171389882604 0.000000000000000 0.000000000000000 0.000000000000000
AFB_afb_migrad_75 -0.245000004768372 0.000000000000000 0.000000000000000 0.000000000000000
   AFB_hesse_75 0.000000000000000
AFB_fh_hesse_75 0.490171389882604 0.000000000000000 0.000000000000000 0.000000000000000
AFB_afb_hesse_75 -0.245000004768372 0.000000000000000 0.000000000000000 0.000000000000000
   AFB_minos_75 6.000000000000000
  AFB_migrad_76 0.000000000000000 -23380.092165736245079
AFB_fh_migrad_76 0.470111941861530 0.000000000000000 0.000000000000000 0.000000000000000
AFB_afb_migrad_76 -0.234999999403954 0.000000000000000 0.000000000000000 0.000000000000000
   AFB_hesse_76 0.000000000000000
AFB_fh_hesse_76 0.470111941861530 0.000000000000000 0.000000000000000 0.000000000000000
AFB_afb_hesse_76 -0.234999999403954 0.000000000000000 0.000000000000000 0.000000000000000
   AFB_minos_76 6.000000000000000
  AFB_migrad_77 0.000000000000000 -23380.320496264626854
AFB_fh_migrad_77 0.450189291742221 0.000000000000000 0.000000000000000 0.000000000000000
AFB_afb_migrad_77 -0.224999994039536 0.000000000000000 0.000000000000000 0.000000000000000
   AFB_hesse_77 0.000000000000000
AFB_fh_hesse_77 0.450189291742221 0.000000000000000 0.000000000000000 0.000000000000000
AFB_afb_hesse_77 -0.224999994039536 0.000000000000000 0.000000000000000 0.000000000000000
   AFB_minos_77 6.000000000000000
  AFB_migrad_78 0.000000000000000 -23380.519495272699714
AFB_fh_migrad_78 0.430123831722251 0.000000000000000 0.000000000000000 0.000000000000000
AFB_afb_migrad_78 -0.215000003576279 0.000000000000000 0.000000000000000 0.000000000000000
   AFB_hesse_78 0.000000000000000
AFB_fh_hesse_78 0.430123831722251 0.000000000000000 0.000000000000000 0.000000000000000
AFB_afb_hesse_78 -0.215000003576279 0.000000000000000 0.000000000000000 0.000000000000000
   AFB_minos_78 6.000000000000000
  AFB_migrad_80 0.000000000000000 -23380.830029168086185
AFB_fh_migrad_80 0.395282544584314 0.000000000000000 0.000000000000000 0.000000000000000
AFB_afb_migrad_80 -0.194999992847443 0.000000000000000 0.000000000000000 0.000000000000000
   AFB_hesse_80 0.000000000000000
AFB_fh_hesse_80 0.395282544584314 0.000000000000000 0.000000000000000 0.000000000000000
AFB_afb_hesse_80 -0.194999992847443 0.000000000000000 0.000000000000000 0.000000000000000
   AFB_minos_80 6.000000000000000
  AFB_migrad_81 0.000000000000000 -23380.946628109875746
AFB_fh_migrad_81 0.388605334395647 0.000000000000000 0.000000000000000 0.000000000000000
AFB_afb_migrad_81 -0.185000002384186 0.000000000000000 0.000000000000000 0.000000000000000
   AFB_hesse_81 0.000000000000000
AFB_fh_hesse_81 0.388605334395647 0.000000000000000 0.000000000000000 0.000000000000000
AFB_afb_hesse_81 -0.185000002384186 0.000000000000000 0.000000000000000 0.000000000000000
   AFB_minos_81 6.000000000000000
  AFB_migrad_82 0.000000000000000 -23381.040929027458333
AFB_fh_migrad_82 0.387992986325195 0.000000000000000 0.000000000000000 0.000000000000000
AFB_afb_migrad_82 -0.174999997019768 0.000000000000000 0.000000000000000 0.000000000000000
   AFB_hesse_82 0.000000000000000
AFB_fh_hesse_82 0.387992986325195 0.000000000000000 0.000000000000000 0.000000000000000
AFB_afb_hesse_82 -0.174999997019768 0.000000000000000 0.000000000000000 0.000000000000000
   AFB_minos_82 6.000000000000000
  AFB_migrad_83 0.000000000000000 -23381.112663249332400
AFB_fh_migrad_83 0.384911063672748 0.000000000000000 0.000000000000000 0.000000000000000
AFB_afb_migrad_83 -0.165000006556511 0.000000000000000 0.000000000000000 0.000000000000000
   AFB_hesse_83 0.000000000000000
AFB_fh_hesse_83 0.384911063672748 0.000000000000000 0.000000000000000 0.000000000000000
AFB_afb_hesse_83 -0.165000006556511 0.000000000000000 0.000000000000000 0.000000000000000
   AFB_minos_83 6.000000000000000
  AFB_migrad_84 0.000000000000000 -23381.162032865384390
AFB_fh_migrad_84 0.381950326197608 0.000000000000000 0.000000000000000 0.000000000000000
AFB_afb_migrad_84 -0.155000001192093 0.000000000000000 0.000000000000000 0.000000000000000
   AFB_hesse_84 0.000000000000000
AFB_fh_hesse_84 0.381950326197608 0.000000000000000 0.000000000000000 0.000000000000000
AFB_afb_hesse_84 -0.155000001192093 0.000000000000000 0.000000000000000 0.000000000000000
   AFB_minos_84 6.000000000000000
  AFB_migrad_85 0.000000000000000 -23381.189116807596292
AFB_fh_migrad_85 0.379100552849314 0.000000000000000 0.000000000000000 0.000000000000000
AFB_afb_migrad_85 -0.144999995827675 0.000000000000000 0.000000000000000 0.000000000000000
   AFB_hesse_85 0.000000000000000
AFB_fh_hesse_85 0.379100552849314 0.000000000000000 0.000000000000000 0.000000000000000
AFB_afb_hesse_85 -0.144999995827675 0.000000000000000 0.000000000000000 0.000000000000000
   AFB_minos_85 6.000000000000000
  AFB_migrad_86 0.000000000000000 -23381.193988429367892
AFB_fh_migrad_86 0.376352606077447 0.000000000000000 0.000000000000000 0.000000000000000
AFB_afb_migrad_86 -0.135000005364418 0.000000000000000 0.000000000000000 0.000000000000000
   AFB_hesse_86 0.000000000000000
AFB_fh_hesse_86 0.376352606077447 0.000000000000000 0.000000000000000 0.000000000000000
AFB_afb_hesse_86 -0.135000005364418 0.000000000000000 0.000000000000000 0.000000000000000
   AFB_minos_86 0.000000000000000
  AFB_migrad_87 0.000000000000000 -23381.176715509831411
AFB_fh_migrad_87 0.373698263590642 0.000000000000000 0.000000000000000 0.000000000000000
AFB_afb_migrad_87 -0.125000000000000 0.000000000000000 0.000000000000000 0.000000000000000
   AFB_hesse_87 0.000000000000000
AFB_fh_hesse_87 0.373698263590642 0.000000000000000 0.000000000000000 0.000000000000000
AFB_afb_hesse_87 -0.125000000000000 0.000000000000000 0.000000000000000 0.000000000000000
   AFB_minos_87 0.000000000000000
  AFB_migrad_88 0.000000000000000 -23381.137360378543235
AFB_fh_migrad_88 0.371130141301781 0.000000000000000 0.000000000000000 0.000000000000000
AFB_afb_migrad_88 -0.115000002086163 0.000000000000000 0.000000000000000 0.000000000000000
   AFB_hesse_88 0.000000000000000
AFB_fh_hesse_88 0.371130141301781 0.000000000000000 0.000000000000000 0.000000000000000
AFB_afb_hesse_88 -0.115000002086163 0.000000000000000 0.000000000000000 0.000000000000000
   AFB_minos_88 0.000000000000000
  AFB_migrad_89 0.000000000000000 -23381.075979970912158
AFB_fh_migrad_89 0.368641601294797 0.000000000000000 0.000000000000000 0.000000000000000
AFB_afb_migrad_89 -0.104999996721745 0.000000000000000 0.000000000000000 0.000000000000000
   AFB_hesse_89 0.000000000000000
AFB_fh_hesse_89 0.368641601294797 0.000000000000000 0.000000000000000 0.000000000000000
AFB_afb_hesse_89 -0.104999996721745 0.000000000000000 0.000000000000000 0.000000000000000
   AFB_minos_89 0.000000000000000
  AFB_migrad_90 0.000000000000000 -23380.992626172905148
AFB_fh_migrad_90 0.366226720908002 0.000000000000000 0.000000000000000 0.000000000000000
AFB_afb_migrad_90 -0.094999998807907 0.000000000000000 0.000000000000000 0.000000000000000
   AFB_hesse_90 0.000000000000000
AFB_fh_hesse_90 0.366226720908002 0.000000000000000 0.000000000000000 0.000000000000000
AFB_afb_hesse_90 -0.094999998807907 0.000000000000000 0.000000000000000 0.000000000000000
   AFB_minos_90 0.000000000000000
  AFB_migrad_91 0.000000000000000 -23380.887345657902188
AFB_fh_migrad_91 0.363880246753120 0.000000000000000 0.000000000000000 0.000000000000000
AFB_afb_migrad_91 -0.085000000894070 0.000000000000000 0.000000000000000 0.000000000000000
   AFB_hesse_91 0.000000000000000
AFB_fh_hesse_91 0.363880246753120 0.000000000000000 0.000000000000000 0.000000000000000
AFB_afb_hesse_91 -0.085000000894070 0.000000000000000 0.000000000000000 0.000000000000000
   AFB_minos_91 0.000000000000000
  AFB_migrad_92 0.000000000000000 -23380.760180162025790
AFB_fh_migrad_92 0.361597575390312 0.000000000000000 0.000000000000000 0.000000000000000
AFB_afb_migrad_92 -0.075000002980232 0.000000000000000 0.000000000000000 0.000000000000000
   AFB_hesse_92 0.000000000000000
AFB_fh_hesse_92 0.361597575390312 0.000000000000000 0.000000000000000 0.000000000000000
AFB_afb_hesse_92 -0.075000002980232 0.000000000000000 0.000000000000000 0.000000000000000
   AFB_minos_92 0.000000000000000
  AFB_migrad_93 0.000000000000000 -23380.611166428236174
AFB_fh_migrad_93 0.359374728889608 0.000000000000000 0.000000000000000 0.000000000000000
AFB_afb_migrad_93 -0.064999997615814 0.000000000000000 0.000000000000000 0.000000000000000
   AFB_hesse_93 0.000000000000000
AFB_fh_hesse_93 0.359374728889608 0.000000000000000 0.000000000000000 0.000000000000000
AFB_afb_hesse_93 -0.064999997615814 0.000000000000000 0.000000000000000 0.000000000000000
   AFB_minos_93 0.000000000000000
  AFB_migrad_94 0.000000000000000 -23380.440337626616383
AFB_fh_migrad_94 0.357082924480872 0.000000000000000 0.000000000000000 0.000000000000000
AFB_afb_migrad_94 -0.054999999701977 0.000000000000000 0.000000000000000 0.000000000000000
   AFB_hesse_94 0.000000000000000
AFB_fh_hesse_94 0.357082924480872 0.000000000000000 0.000000000000000 0.000000000000000
AFB_afb_hesse_94 -0.054999999701977 0.000000000000000 0.000000000000000 0.000000000000000
   AFB_minos_94 0.000000000000000
  AFB_migrad_95 0.000000000000000 -23380.247719335704460
AFB_fh_migrad_95 0.354966836325662 0.000000000000000 0.000000000000000 0.000000000000000
AFB_afb_migrad_95 -0.045000001788139 0.000000000000000 0.000000000000000 0.000000000000000
   AFB_hesse_95 0.000000000000000
AFB_fh_hesse_95 0.354966836325662 0.000000000000000 0.000000000000000 0.000000000000000
AFB_afb_hesse_95 -0.045000001788139 0.000000000000000 0.000000000000000 0.000000000000000
   AFB_minos_95 0.000000000000000
  AFB_migrad_96 0.000000000000000 -23380.033335064406856
AFB_fh_migrad_96 0.352902659030583 0.000000000000000 0.000000000000000 0.000000000000000
AFB_afb_migrad_96 -0.035000000149012 0.000000000000000 0.000000000000000 0.000000000000000
   AFB_hesse_96 0.000000000000000
AFB_fh_hesse_96 0.352902659030583 0.000000000000000 0.000000000000000 0.000000000000000
AFB_afb_hesse_96 -0.035000000149012 0.000000000000000 0.000000000000000 0.000000000000000
   AFB_minos_96 0.000000000000000
  AFB_migrad_97 0.000000000000000 -23379.797203132398863
AFB_fh_migrad_97 0.350888744559011 0.000000000000000 0.000000000000000 0.000000000000000
AFB_afb_migrad_97 -0.025000000372529 0.000000000000000 0.000000000000000 0.000000000000000
   AFB_hesse_97 0.000000000000000
AFB_fh_hesse_97 0.350888744559011 0.000000000000000 0.000000000000000 0.000000000000000
AFB_afb_hesse_97 -0.025000000372529 0.000000000000000 0.000000000000000 0.000000000000000
   AFB_minos_97 0.000000000000000
  AFB_migrad_98 0.000000000000000 -23379.539337185964541
AFB_fh_migrad_98 0.348923994176306 0.000000000000000 0.000000000000000 0.000000000000000
AFB_afb_migrad_98 -0.014999999664724 0.000000000000000 0.000000000000000 0.000000000000000
   AFB_hesse_98 0.000000000000000
AFB_fh_hesse_98 0.348923994176306 0.000000000000000 0.000000000000000 0.000000000000000
AFB_afb_hesse_98 -0.014999999664724 0.000000000000000 0.000000000000000 0.000000000000000
   AFB_minos_98 0.000000000000000
  AFB_migrad_99 0.000000000000000 -23379.259746535986778
AFB_fh_migrad_99 0.347007854862643 0.000000000000000 0.000000000000000 0.000000000000000
AFB_afb_migrad_99 -0.004999999888241 0.000000000000000 0.000000000000000 0.000000000000000
   AFB_hesse_99 0.000000000000000
AFB_fh_hesse_99 0.347007854862643 0.000000000000000 0.000000000000000 0.000000000000000
AFB_afb_hesse_99 -0.004999999888241 0.000000000000000 0.000000000000000 0.000000000000000
   AFB_minos_99    0.000000000000000
