         CARD:
              
    FH_migrad_0 0.000000000000000 -2814.107252836962289
 FH_fh_migrad_0 0.004999999888241 0.000000000000000 0.000000000000000 0.000000000000000
FH_afb_migrad_0 0.002476540257480 0.000000000000000 0.000000000000000 0.000000000000000
     FH_hesse_0 0.000000000000000
  FH_fh_hesse_0 0.004999999888241 0.000000000000000 0.000000000000000 0.000000000000000
 FH_afb_hesse_0 0.002476540257480 0.000000000000000 0.000000000000000 0.000000000000000
     FH_minos_0 6.000000000000000
    FH_migrad_1 0.000000000000000 -2814.229777754152565
 FH_fh_migrad_1 0.014999999664724 0.000000000000000 0.000000000000000 0.000000000000000
FH_afb_migrad_1 0.007495906582932 0.000000000000000 0.000000000000000 0.000000000000000
     FH_hesse_1 0.000000000000000
  FH_fh_hesse_1 0.014999999664724 0.000000000000000 0.000000000000000 0.000000000000000
 FH_afb_hesse_1 0.007495906582932 0.000000000000000 0.000000000000000 0.000000000000000
     FH_minos_1 6.000000000000000
    FH_migrad_2 4.000000000000000 -2814.329354248226991
 FH_fh_migrad_2 0.025000000372529 0.000000000000000 0.000000000000000 0.000000000000000
FH_afb_migrad_2 0.012488605185140 0.000000000000000 0.000000000000000 0.000000000000000
     FH_hesse_2 0.000000000000000
  FH_fh_hesse_2 0.025000000372529 0.000000000000000 0.000000000000000 0.000000000000000
 FH_afb_hesse_2 0.012488605185140 0.000000000000000 0.000000000000000 0.000000000000000
     FH_minos_2 6.000000000000000
    FH_migrad_3 0.000000000000000 -2814.407529292673189
 FH_fh_migrad_3 0.035000000149012 0.000000000000000 0.000000000000000 0.000000000000000
FH_afb_migrad_3 0.017476867621512 0.000000000000000 0.000000000000000 0.000000000000000
     FH_hesse_3 0.000000000000000
  FH_fh_hesse_3 0.035000000149012 0.000000000000000 0.000000000000000 0.000000000000000
 FH_afb_hesse_3 0.017476867621512 0.000000000000000 0.000000000000000 0.000000000000000
     FH_minos_3 6.000000000000000
    FH_migrad_4 0.000000000000000 -2814.465497473986488
 FH_fh_migrad_4 0.045000001788139 0.000000000000000 0.000000000000000 0.000000000000000
FH_afb_migrad_4 0.022483792029516 0.000000000000000 0.000000000000000 0.000000000000000
     FH_hesse_4 0.000000000000000
  FH_fh_hesse_4 0.045000001788139 0.000000000000000 0.000000000000000 0.000000000000000
 FH_afb_hesse_4 0.022483792029516 0.000000000000000 0.000000000000000 0.000000000000000
     FH_minos_4 6.000000000000000
    FH_migrad_5 0.000000000000000 -2814.503831391883068
 FH_fh_migrad_5 0.054999999701977 0.000000000000000 0.000000000000000 0.000000000000000
FH_afb_migrad_5 0.027494443842595 0.000000000000000 0.000000000000000 0.000000000000000
     FH_hesse_5 0.000000000000000
  FH_fh_hesse_5 0.054999999701977 0.000000000000000 0.000000000000000 0.000000000000000
 FH_afb_hesse_5 0.027494443842595 0.000000000000000 0.000000000000000 0.000000000000000
     FH_minos_5 6.000000000000000
    FH_migrad_6 0.000000000000000 -2814.523321903427131
 FH_fh_migrad_6 0.064999997615814 0.000000000000000 0.000000000000000 0.000000000000000
FH_afb_migrad_6 0.032306933142226 0.000000000000000 0.000000000000000 0.000000000000000
     FH_hesse_6 0.000000000000000
  FH_fh_hesse_6 0.064999997615814 0.000000000000000 0.000000000000000 0.000000000000000
 FH_afb_hesse_6 0.032306933142226 0.000000000000000 0.000000000000000 0.000000000000000
     FH_minos_6 6.000000000000000
    FH_migrad_7 0.000000000000000 -2814.525290033002875
 FH_fh_migrad_7 0.075000002980232 0.000000000000000 0.000000000000000 0.000000000000000
FH_afb_migrad_7 0.037400199747530 0.000000000000000 0.000000000000000 0.000000000000000
     FH_hesse_7 0.000000000000000
  FH_fh_hesse_7 0.075000002980232 0.000000000000000 0.000000000000000 0.000000000000000
 FH_afb_hesse_7 0.037400199747530 0.000000000000000 0.000000000000000 0.000000000000000
     FH_minos_7 6.000000000000000
    FH_migrad_8 0.000000000000000 -2814.515981531299985
 FH_fh_migrad_8 0.085000000894070 0.000000000000000 0.000000000000000 0.000000000000000
FH_afb_migrad_8 0.038671718574865 0.000000000000000 0.000000000000000 0.000000000000000
     FH_hesse_8 0.000000000000000
  FH_fh_hesse_8 0.085000000894070 0.000000000000000 0.000000000000000 0.000000000000000
 FH_afb_hesse_8 0.038671718574865 0.000000000000000 0.000000000000000 0.000000000000000
     FH_minos_8 6.000000000000000
    FH_migrad_9 0.000000000000000 -2814.500632630043128
 FH_fh_migrad_9 0.094999998807907 0.000000000000000 0.000000000000000 0.000000000000000
FH_afb_migrad_9 0.037623519660888 0.000000000000000 0.000000000000000 0.000000000000000
     FH_hesse_9 0.000000000000000
  FH_fh_hesse_9 0.094999998807907 0.000000000000000 0.000000000000000 0.000000000000000
 FH_afb_hesse_9 0.037623519660888 0.000000000000000 0.000000000000000 0.000000000000000
     FH_minos_9 6.000000000000000
   FH_migrad_10 0.000000000000000 -2814.478484415417824
FH_fh_migrad_10 0.104999996721745 0.000000000000000 0.000000000000000 0.000000000000000
FH_afb_migrad_10 0.037882748486057 0.000000000000000 0.000000000000000 0.000000000000000
    FH_hesse_10 0.000000000000000
 FH_fh_hesse_10 0.104999996721745 0.000000000000000 0.000000000000000 0.000000000000000
FH_afb_hesse_10 0.037882748486057 0.000000000000000 0.000000000000000 0.000000000000000
    FH_minos_10 6.000000000000000
   FH_migrad_11 0.000000000000000 -2814.450049326404951
FH_fh_migrad_11 0.115000002086163 0.000000000000000 0.000000000000000 0.000000000000000
FH_afb_migrad_11 0.038178488440940 0.000000000000000 0.000000000000000 0.000000000000000
    FH_hesse_11 0.000000000000000
 FH_fh_hesse_11 0.115000002086163 0.000000000000000 0.000000000000000 0.000000000000000
FH_afb_hesse_11 0.038178488440940 0.000000000000000 0.000000000000000 0.000000000000000
    FH_minos_11 6.000000000000000
   FH_migrad_12 0.000000000000000 -2814.415466827472756
FH_fh_migrad_12 0.125000000000000 0.000000000000000 0.000000000000000 0.000000000000000
FH_afb_migrad_12 0.038337957695960 0.000000000000000 0.000000000000000 0.000000000000000
    FH_hesse_12 0.000000000000000
 FH_fh_hesse_12 0.125000000000000 0.000000000000000 0.000000000000000 0.000000000000000
FH_afb_hesse_12 0.038337957695960 0.000000000000000 0.000000000000000 0.000000000000000
    FH_minos_12 0.000000000000000
   FH_migrad_13 0.000000000000000 -2814.374811329387740
FH_fh_migrad_13 0.135000005364418 0.000000000000000 0.000000000000000 0.000000000000000
FH_afb_migrad_13 0.038573408734982 0.000000000000000 0.000000000000000 0.000000000000000
    FH_hesse_13 0.000000000000000
 FH_fh_hesse_13 0.135000005364418 0.000000000000000 0.000000000000000 0.000000000000000
FH_afb_hesse_13 0.038573408734982 0.000000000000000 0.000000000000000 0.000000000000000
    FH_minos_13 0.000000000000000
   FH_migrad_14 0.000000000000000 -2814.328192528925229
FH_fh_migrad_14 0.144999995827675 0.000000000000000 0.000000000000000 0.000000000000000
FH_afb_migrad_14 0.038752483716225 0.000000000000000 0.000000000000000 0.000000000000000
    FH_hesse_14 0.000000000000000
 FH_fh_hesse_14 0.144999995827675 0.000000000000000 0.000000000000000 0.000000000000000
FH_afb_hesse_14 0.038752483716225 0.000000000000000 0.000000000000000 0.000000000000000
    FH_minos_14 0.000000000000000
   FH_migrad_15 0.000000000000000 -2814.275714330228766
FH_fh_migrad_15 0.155000001192093 0.000000000000000 0.000000000000000 0.000000000000000
FH_afb_migrad_15 0.038977042607706 0.000000000000000 0.000000000000000 0.000000000000000
    FH_hesse_15 0.000000000000000
 FH_fh_hesse_15 0.155000001192093 0.000000000000000 0.000000000000000 0.000000000000000
FH_afb_hesse_15 0.038977042607706 0.000000000000000 0.000000000000000 0.000000000000000
    FH_minos_15 0.000000000000000
   FH_migrad_16 0.000000000000000 -2814.217467853050039
FH_fh_migrad_16 0.165000006556511 0.000000000000000 0.000000000000000 0.000000000000000
FH_afb_migrad_16 0.039196847203464 0.000000000000000 0.000000000000000 0.000000000000000
    FH_hesse_16 0.000000000000000
 FH_fh_hesse_16 0.165000006556511 0.000000000000000 0.000000000000000 0.000000000000000
FH_afb_hesse_16 0.039196847203464 0.000000000000000 0.000000000000000 0.000000000000000
    FH_minos_16 0.000000000000000
   FH_migrad_17 0.000000000000000 -2814.153543577459459
FH_fh_migrad_17 0.174999997019768 0.000000000000000 0.000000000000000 0.000000000000000
FH_afb_migrad_17 0.039412163634700 0.000000000000000 0.000000000000000 0.000000000000000
    FH_hesse_17 0.000000000000000
 FH_fh_hesse_17 0.174999997019768 0.000000000000000 0.000000000000000 0.000000000000000
FH_afb_hesse_17 0.039412163634700 0.000000000000000 0.000000000000000 0.000000000000000
    FH_minos_17 0.000000000000000
   FH_migrad_18 0.000000000000000 -2814.084028238032261
FH_fh_migrad_18 0.185000002384186 0.000000000000000 0.000000000000000 0.000000000000000
FH_afb_migrad_18 0.039623248047909 0.000000000000000 0.000000000000000 0.000000000000000
    FH_hesse_18 0.000000000000000
 FH_fh_hesse_18 0.185000002384186 0.000000000000000 0.000000000000000 0.000000000000000
FH_afb_hesse_18 0.039623248047909 0.000000000000000 0.000000000000000 0.000000000000000
    FH_minos_18 0.000000000000000
   FH_migrad_19 0.000000000000000 -2814.009005693235849
FH_fh_migrad_19 0.194999992847443 0.000000000000000 0.000000000000000 0.000000000000000
FH_afb_migrad_19 0.039830344875011 0.000000000000000 0.000000000000000 0.000000000000000
    FH_hesse_19 0.000000000000000
 FH_fh_hesse_19 0.194999992847443 0.000000000000000 0.000000000000000 0.000000000000000
FH_afb_hesse_19 0.039830344875011 0.000000000000000 0.000000000000000 0.000000000000000
    FH_minos_19 0.000000000000000
   FH_migrad_20 0.000000000000000 -2813.928556266816031
FH_fh_migrad_20 0.204999998211861 0.000000000000000 0.000000000000000 0.000000000000000
FH_afb_migrad_20 0.040033689829391 0.000000000000000 0.000000000000000 0.000000000000000
    FH_hesse_20 0.000000000000000
 FH_fh_hesse_20 0.204999998211861 0.000000000000000 0.000000000000000 0.000000000000000
FH_afb_hesse_20 0.040033689829391 0.000000000000000 0.000000000000000 0.000000000000000
    FH_minos_20 0.000000000000000
   FH_migrad_21 0.000000000000000 -2813.842757667954174
FH_fh_migrad_21 0.215000003576279 0.000000000000000 0.000000000000000 0.000000000000000
FH_afb_migrad_21 0.040233508189765 0.000000000000000 0.000000000000000 0.000000000000000
    FH_hesse_21 0.000000000000000
 FH_fh_hesse_21 0.215000003576279 0.000000000000000 0.000000000000000 0.000000000000000
FH_afb_hesse_21 0.040233508189765 0.000000000000000 0.000000000000000 0.000000000000000
    FH_minos_21 0.000000000000000
   FH_migrad_22 0.000000000000000 -2813.751684839513928
FH_fh_migrad_22 0.224999994039536 0.000000000000000 0.000000000000000 0.000000000000000
FH_afb_migrad_22 0.040430016196537 0.000000000000000 0.000000000000000 0.000000000000000
    FH_hesse_22 0.000000000000000
 FH_fh_hesse_22 0.224999994039536 0.000000000000000 0.000000000000000 0.000000000000000
FH_afb_hesse_22 0.040430016196537 0.000000000000000 0.000000000000000 0.000000000000000
    FH_minos_22 0.000000000000000
   FH_migrad_23 0.000000000000000 -2813.655409653192692
FH_fh_migrad_23 0.234999999403954 0.000000000000000 0.000000000000000 0.000000000000000
FH_afb_migrad_23 0.040623422340034 0.000000000000000 0.000000000000000 0.000000000000000
    FH_hesse_23 0.000000000000000
 FH_fh_hesse_23 0.234999999403954 0.000000000000000 0.000000000000000 0.000000000000000
FH_afb_hesse_23 0.040623422340034 0.000000000000000 0.000000000000000 0.000000000000000
    FH_minos_23 0.000000000000000
   FH_migrad_24 0.000000000000000 -2813.554001853231057
FH_fh_migrad_24 0.245000004768372 0.000000000000000 0.000000000000000 0.000000000000000
FH_afb_migrad_24 0.040813926007036 0.000000000000000 0.000000000000000 0.000000000000000
    FH_hesse_24 0.000000000000000
 FH_fh_hesse_24 0.245000004768372 0.000000000000000 0.000000000000000 0.000000000000000
FH_afb_hesse_24 0.040813926007036 0.000000000000000 0.000000000000000 0.000000000000000
    FH_minos_24 0.000000000000000
   FH_migrad_25 0.000000000000000 -2813.447528804832928
FH_fh_migrad_25 0.254999995231628 0.000000000000000 0.000000000000000 0.000000000000000
FH_afb_migrad_25 0.041001718774552 0.000000000000000 0.000000000000000 0.000000000000000
    FH_hesse_25 0.000000000000000
 FH_fh_hesse_25 0.254999995231628 0.000000000000000 0.000000000000000 0.000000000000000
FH_afb_hesse_25 0.041001718774552 0.000000000000000 0.000000000000000 0.000000000000000
    FH_minos_25 0.000000000000000
   FH_migrad_26 0.000000000000000 -2813.336055267139272
FH_fh_migrad_26 0.264999985694885 0.000000000000000 0.000000000000000 0.000000000000000
FH_afb_migrad_26 0.041186985325463 0.000000000000000 0.000000000000000 0.000000000000000
    FH_hesse_26 0.000000000000000
 FH_fh_hesse_26 0.264999985694885 0.000000000000000 0.000000000000000 0.000000000000000
FH_afb_hesse_26 0.041186985325463 0.000000000000000 0.000000000000000 0.000000000000000
    FH_minos_26 0.000000000000000
   FH_migrad_27 0.000000000000000 -2813.219643602887572
FH_fh_migrad_27 0.275000005960464 0.000000000000000 0.000000000000000 0.000000000000000
FH_afb_migrad_27 0.041369903506059 0.000000000000000 0.000000000000000 0.000000000000000
    FH_hesse_27 0.000000000000000
 FH_fh_hesse_27 0.275000005960464 0.000000000000000 0.000000000000000 0.000000000000000
FH_afb_hesse_27 0.041369903506059 0.000000000000000 0.000000000000000 0.000000000000000
    FH_minos_27 0.000000000000000
   FH_migrad_28 0.000000000000000 -2813.098355133689893
FH_fh_migrad_28 0.284999996423721 0.000000000000000 0.000000000000000 0.000000000000000
FH_afb_migrad_28 0.041550642771810 0.000000000000000 0.000000000000000 0.000000000000000
    FH_hesse_28 0.000000000000000
 FH_fh_hesse_28 0.284999996423721 0.000000000000000 0.000000000000000 0.000000000000000
FH_afb_hesse_28 0.041550642771810 0.000000000000000 0.000000000000000 0.000000000000000
    FH_minos_28 0.000000000000000
   FH_migrad_29 0.000000000000000 -2812.972248152281736
FH_fh_migrad_29 0.294999986886978 0.000000000000000 0.000000000000000 0.000000000000000
FH_afb_migrad_29 0.041729367790954 0.000000000000000 0.000000000000000 0.000000000000000
    FH_hesse_29 0.000000000000000
 FH_fh_hesse_29 0.294999986886978 0.000000000000000 0.000000000000000 0.000000000000000
FH_afb_hesse_29 0.041729367790954 0.000000000000000 0.000000000000000 0.000000000000000
    FH_minos_29 0.000000000000000
 AFB_migrad_230 0.000000000000000 -2811.369732849912907
AFB_fh_migrad_230 0.156786932761067 0.000000000000000 0.000000000000000 0.000000000000000
AFB_afb_migrad_230 -0.078000001609325 0.000000000000000 0.000000000000000 0.000000000000000
  AFB_hesse_230 0.000000000000000
AFB_fh_hesse_230 0.156786932761067 0.000000000000000 0.000000000000000 0.000000000000000
AFB_afb_hesse_230 -0.078000001609325 0.000000000000000 0.000000000000000 0.000000000000000
  AFB_minos_230 6.000000000000000
 AFB_migrad_231 0.000000000000000 -2811.586467608685325
AFB_fh_migrad_231 0.148972889411663 0.000000000000000 0.000000000000000 0.000000000000000
AFB_afb_migrad_231 -0.074000000953674 0.000000000000000 0.000000000000000 0.000000000000000
  AFB_hesse_231 0.000000000000000
AFB_fh_hesse_231 0.148972889411663 0.000000000000000 0.000000000000000 0.000000000000000
AFB_afb_hesse_231 -0.074000000953674 0.000000000000000 0.000000000000000 0.000000000000000
  AFB_minos_231 6.000000000000000
 AFB_migrad_232 0.000000000000000 -2811.793822311218264
AFB_fh_migrad_232 0.142307011728955 0.000000000000000 0.000000000000000 0.000000000000000
AFB_afb_migrad_232 -0.070000000298023 0.000000000000000 0.000000000000000 0.000000000000000
  AFB_hesse_232 0.000000000000000
AFB_fh_hesse_232 0.142307011728955 0.000000000000000 0.000000000000000 0.000000000000000
AFB_afb_hesse_232 -0.070000000298023 0.000000000000000 0.000000000000000 0.000000000000000
  AFB_minos_232 6.000000000000000
 AFB_migrad_233 0.000000000000000 -2811.998322508225556
AFB_fh_migrad_233 0.132531278297052 0.000000000000000 0.000000000000000 0.000000000000000
AFB_afb_migrad_233 -0.065999999642372 0.000000000000000 0.000000000000000 0.000000000000000
  AFB_hesse_233 0.000000000000000
AFB_fh_hesse_233 0.132531278297052 0.000000000000000 0.000000000000000 0.000000000000000
AFB_afb_hesse_233 -0.065999999642372 0.000000000000000 0.000000000000000 0.000000000000000
  AFB_minos_233 6.000000000000000
 AFB_migrad_234 0.000000000000000 -2812.191730460716826
AFB_fh_migrad_234 0.124895914347338 0.000000000000000 0.000000000000000 0.000000000000000
AFB_afb_migrad_234 -0.061999998986721 0.000000000000000 0.000000000000000 0.000000000000000
  AFB_hesse_234 0.000000000000000
AFB_fh_hesse_234 0.124895914347338 0.000000000000000 0.000000000000000 0.000000000000000
AFB_afb_hesse_234 -0.061999998986721 0.000000000000000 0.000000000000000 0.000000000000000
  AFB_minos_234 6.000000000000000
 AFB_migrad_235 0.000000000000000 -2812.377280775403051
AFB_fh_migrad_235 0.117275830617592 0.000000000000000 0.000000000000000 0.000000000000000
AFB_afb_migrad_235 -0.057999998331070 0.000000000000000 0.000000000000000 0.000000000000000
  AFB_hesse_235 0.000000000000000
AFB_fh_hesse_235 0.117275830617592 0.000000000000000 0.000000000000000 0.000000000000000
AFB_afb_hesse_235 -0.057999998331070 0.000000000000000 0.000000000000000 0.000000000000000
  AFB_minos_235 6.000000000000000
 AFB_migrad_236 0.000000000000000 -2812.554830616426443
AFB_fh_migrad_236 0.109673523259695 0.000000000000000 0.000000000000000 0.000000000000000
AFB_afb_migrad_236 -0.054000001400709 0.000000000000000 0.000000000000000 0.000000000000000
  AFB_hesse_236 0.000000000000000
AFB_fh_hesse_236 0.109673523259695 0.000000000000000 0.000000000000000 0.000000000000000
AFB_afb_hesse_236 -0.054000001400709 0.000000000000000 0.000000000000000 0.000000000000000
  AFB_minos_236 6.000000000000000
 AFB_migrad_237 0.000000000000000 -2812.724458460778806
AFB_fh_migrad_237 0.100106687393033 0.000000000000000 0.000000000000000 0.000000000000000
AFB_afb_migrad_237 -0.050000000745058 0.000000000000000 0.000000000000000 0.000000000000000
  AFB_hesse_237 0.000000000000000
AFB_fh_hesse_237 0.100106687393033 0.000000000000000 0.000000000000000 0.000000000000000
AFB_afb_hesse_237 -0.050000000745058 0.000000000000000 0.000000000000000 0.000000000000000
  AFB_minos_237 6.000000000000000
 AFB_migrad_238 0.000000000000000 -2812.885385939549451
AFB_fh_migrad_238 0.095853751587273 0.000000000000000 0.000000000000000 0.000000000000000
AFB_afb_migrad_238 -0.046000000089407 0.000000000000000 0.000000000000000 0.000000000000000
  AFB_hesse_238 0.000000000000000
AFB_fh_hesse_238 0.095853751587273 0.000000000000000 0.000000000000000 0.000000000000000
AFB_afb_hesse_238 -0.046000000089407 0.000000000000000 0.000000000000000 0.000000000000000
  AFB_minos_238 6.000000000000000
 AFB_migrad_239 0.000000000000000 -2813.038892104034858
AFB_fh_migrad_239 0.090676710626127 0.000000000000000 0.000000000000000 0.000000000000000
AFB_afb_migrad_239 -0.041999999433756 0.000000000000000 0.000000000000000 0.000000000000000
  AFB_hesse_239 0.000000000000000
AFB_fh_hesse_239 0.090676710626127 0.000000000000000 0.000000000000000 0.000000000000000
AFB_afb_hesse_239 -0.041999999433756 0.000000000000000 0.000000000000000 0.000000000000000
  AFB_minos_239 6.000000000000000
 AFB_migrad_240 0.000000000000000 -2813.184337282897559
AFB_fh_migrad_240 0.083979201068317 0.000000000000000 0.000000000000000 0.000000000000000
AFB_afb_migrad_240 -0.037999998778105 0.000000000000000 0.000000000000000 0.000000000000000
  AFB_hesse_240 0.000000000000000
AFB_fh_hesse_240 0.083979201068317 0.000000000000000 0.000000000000000 0.000000000000000
AFB_afb_hesse_240 -0.037999998778105 0.000000000000000 0.000000000000000 0.000000000000000
  AFB_minos_240 6.000000000000000
 AFB_migrad_241 0.000000000000000 -2813.312712034850392
AFB_fh_migrad_241 0.068064858948395 0.000000000000000 0.000000000000000 0.000000000000000
AFB_afb_migrad_241 -0.034000001847744 0.000000000000000 0.000000000000000 0.000000000000000
  AFB_hesse_241 0.000000000000000
AFB_fh_hesse_241 0.068064858948395 0.000000000000000 0.000000000000000 0.000000000000000
AFB_afb_hesse_241 -0.034000001847744 0.000000000000000 0.000000000000000 0.000000000000000
  AFB_minos_241 6.000000000000000
 AFB_migrad_242 0.000000000000000 -2813.455704746912033
AFB_fh_migrad_242 0.083614923888030 0.000000000000000 0.000000000000000 0.000000000000000
AFB_afb_migrad_242 -0.029999999329448 0.000000000000000 0.000000000000000 0.000000000000000
  AFB_hesse_242 0.000000000000000
AFB_fh_hesse_242 0.083614923888030 0.000000000000000 0.000000000000000 0.000000000000000
AFB_afb_hesse_242 -0.029999999329448 0.000000000000000 0.000000000000000 0.000000000000000
  AFB_minos_242 6.000000000000000
 AFB_migrad_243 0.000000000000000 -2813.579742469994017
AFB_fh_migrad_243 0.081360021585921 0.000000000000000 0.000000000000000 0.000000000000000
AFB_afb_migrad_243 -0.026000000536442 0.000000000000000 0.000000000000000 0.000000000000000
  AFB_hesse_243 0.000000000000000
AFB_fh_hesse_243 0.081360021585921 0.000000000000000 0.000000000000000 0.000000000000000
AFB_afb_hesse_243 -0.026000000536442 0.000000000000000 0.000000000000000 0.000000000000000
  AFB_minos_243 6.000000000000000
 AFB_migrad_244 0.000000000000000 -2813.696308409226276
AFB_fh_migrad_244 0.078573236685116 0.000000000000000 0.000000000000000 0.000000000000000
AFB_afb_migrad_244 -0.021999999880791 0.000000000000000 0.000000000000000 0.000000000000000
  AFB_hesse_244 0.000000000000000
AFB_fh_hesse_244 0.078573236685116 0.000000000000000 0.000000000000000 0.000000000000000
AFB_afb_hesse_244 -0.021999999880791 0.000000000000000 0.000000000000000 0.000000000000000
  AFB_minos_244 6.000000000000000
 AFB_migrad_245 0.000000000000000 -2813.805309912857865
AFB_fh_migrad_245 0.075090215980145 0.000000000000000 0.000000000000000 0.000000000000000
AFB_afb_migrad_245 -0.017999999225140 0.000000000000000 0.000000000000000 0.000000000000000
  AFB_hesse_245 0.000000000000000
AFB_fh_hesse_245 0.075090215980145 0.000000000000000 0.000000000000000 0.000000000000000
AFB_afb_hesse_245 -0.017999999225140 0.000000000000000 0.000000000000000 0.000000000000000
  AFB_minos_245 6.000000000000000
 AFB_migrad_246 0.000000000000000 -2813.843793453457693
AFB_fh_migrad_246 0.031368026083297 0.000000000000000 0.000000000000000 0.000000000000000
AFB_afb_migrad_246 -0.014000000432134 0.000000000000000 0.000000000000000 0.000000000000000
  AFB_hesse_246 0.000000000000000
AFB_fh_hesse_246 0.031368026083297 0.000000000000000 0.000000000000000 0.000000000000000
AFB_afb_hesse_246 -0.014000000432134 0.000000000000000 0.000000000000000 0.000000000000000
  AFB_minos_246 6.000000000000000
 AFB_migrad_247 0.000000000000000 -2813.915319663907667
AFB_fh_migrad_247 0.022588873718065 0.000000000000000 0.000000000000000 0.000000000000000
AFB_afb_migrad_247 -0.009999999776483 0.000000000000000 0.000000000000000 0.000000000000000
  AFB_hesse_247 0.000000000000000
AFB_fh_hesse_247 0.022588873718065 0.000000000000000 0.000000000000000 0.000000000000000
AFB_afb_hesse_247 -0.009999999776483 0.000000000000000 0.000000000000000 0.000000000000000
  AFB_minos_247 6.000000000000000
 AFB_migrad_248 0.000000000000000 -2814.086886768625391
AFB_fh_migrad_248 0.070414418632632 0.000000000000000 0.000000000000000 0.000000000000000
AFB_afb_migrad_248 -0.006000000052154 0.000000000000000 0.000000000000000 0.000000000000000
  AFB_hesse_248 0.000000000000000
AFB_fh_hesse_248 0.070414418632632 0.000000000000000 0.000000000000000 0.000000000000000
AFB_afb_hesse_248 -0.006000000052154 0.000000000000000 0.000000000000000 0.000000000000000
  AFB_minos_248 0.000000000000000
 AFB_migrad_249 0.000000000000000 -2814.165438253031880
AFB_fh_migrad_249 0.068489541953288 0.000000000000000 0.000000000000000 0.000000000000000
AFB_afb_migrad_249 -0.002000000094995 0.000000000000000 0.000000000000000 0.000000000000000
  AFB_hesse_249 0.000000000000000
AFB_fh_hesse_249 0.068489541953288 0.000000000000000 0.000000000000000 0.000000000000000
AFB_afb_hesse_249 -0.002000000094995 0.000000000000000 0.000000000000000 0.000000000000000
  AFB_minos_249 0.000000000000000
 AFB_migrad_250 0.000000000000000 -2814.236341450958207
AFB_fh_migrad_250 0.067212235069465 0.000000000000000 0.000000000000000 0.000000000000000
AFB_afb_migrad_250 0.002000000094995 0.000000000000000 0.000000000000000 0.000000000000000
  AFB_hesse_250 0.000000000000000
AFB_fh_hesse_250 0.067212235069465 0.000000000000000 0.000000000000000 0.000000000000000
AFB_afb_hesse_250 0.002000000094995 0.000000000000000 0.000000000000000 0.000000000000000
  AFB_minos_250 0.000000000000000
 AFB_migrad_251 0.000000000000000 -2814.299576924423945
AFB_fh_migrad_251 0.066143101213551 0.000000000000000 0.000000000000000 0.000000000000000
AFB_afb_migrad_251 0.006000000052154 0.000000000000000 0.000000000000000 0.000000000000000
  AFB_hesse_251 0.000000000000000
AFB_fh_hesse_251 0.066143101213551 0.000000000000000 0.000000000000000 0.000000000000000
AFB_afb_hesse_251 0.006000000052154 0.000000000000000 0.000000000000000 0.000000000000000
  AFB_minos_251 0.000000000000000
 AFB_migrad_252 0.000000000000000 -2814.355047476358322
AFB_fh_migrad_252 0.065281624878716 0.000000000000000 0.000000000000000 0.000000000000000
AFB_afb_migrad_252 0.009999999776483 0.000000000000000 0.000000000000000 0.000000000000000
  AFB_hesse_252 0.000000000000000
AFB_fh_hesse_252 0.065281624878716 0.000000000000000 0.000000000000000 0.000000000000000
AFB_afb_hesse_252 0.009999999776483 0.000000000000000 0.000000000000000 0.000000000000000
  AFB_minos_252 0.000000000000000
 AFB_migrad_253 0.000000000000000 -2814.402915276907606
AFB_fh_migrad_253 0.065324802802131 0.000000000000000 0.000000000000000 0.000000000000000
AFB_afb_migrad_253 0.014000000432134 0.000000000000000 0.000000000000000 0.000000000000000
  AFB_hesse_253 0.000000000000000
AFB_fh_hesse_253 0.065324802802131 0.000000000000000 0.000000000000000 0.000000000000000
AFB_afb_hesse_253 0.014000000432134 0.000000000000000 0.000000000000000 0.000000000000000
  AFB_minos_253 0.000000000000000
 AFB_migrad_254 0.000000000000000 -2814.443008389401712
AFB_fh_migrad_254 0.065034480412829 0.000000000000000 0.000000000000000 0.000000000000000
AFB_afb_migrad_254 0.017999999225140 0.000000000000000 0.000000000000000 0.000000000000000
  AFB_hesse_254 0.000000000000000
AFB_fh_hesse_254 0.065034480412829 0.000000000000000 0.000000000000000 0.000000000000000
AFB_afb_hesse_254 0.017999999225140 0.000000000000000 0.000000000000000 0.000000000000000
  AFB_minos_254 0.000000000000000
 AFB_migrad_255 0.000000000000000 -2814.475390897864600
AFB_fh_migrad_255 0.065012964956616 0.000000000000000 0.000000000000000 0.000000000000000
AFB_afb_migrad_255 0.021999999880791 0.000000000000000 0.000000000000000 0.000000000000000
  AFB_hesse_255 0.000000000000000
AFB_fh_hesse_255 0.065012964956616 0.000000000000000 0.000000000000000 0.000000000000000
AFB_afb_hesse_255 0.021999999880791 0.000000000000000 0.000000000000000 0.000000000000000
  AFB_minos_255 6.000000000000000
 AFB_migrad_256 0.000000000000000 -2814.496494764832278
AFB_fh_migrad_256 0.054650617339281 0.000000000000000 0.000000000000000 0.000000000000000
AFB_afb_migrad_256 0.026000000536442 0.000000000000000 0.000000000000000 0.000000000000000
  AFB_hesse_256 0.000000000000000
AFB_fh_hesse_256 0.054650617339281 0.000000000000000 0.000000000000000 0.000000000000000
AFB_afb_hesse_256 0.026000000536442 0.000000000000000 0.000000000000000 0.000000000000000
  AFB_minos_256 6.000000000000000
 AFB_migrad_257 0.000000000000000 -2814.517010216125527
AFB_fh_migrad_257 0.064262990055258 0.000000000000000 0.000000000000000 0.000000000000000
AFB_afb_migrad_257 0.029999999329448 0.000000000000000 0.000000000000000 0.000000000000000
  AFB_hesse_257 0.000000000000000
AFB_fh_hesse_257 0.064262990055258 0.000000000000000 0.000000000000000 0.000000000000000
AFB_afb_hesse_257 0.029999999329448 0.000000000000000 0.000000000000000 0.000000000000000
  AFB_minos_257 6.000000000000000
 AFB_migrad_259 0.000000000000000 -2814.523419545173056
AFB_fh_migrad_259 0.077946424942648 0.000000000000000 0.000000000000000 0.000000000000000
AFB_afb_migrad_259 0.037999998778105 0.000000000000000 0.000000000000000 0.000000000000000
  AFB_hesse_259 0.000000000000000
AFB_fh_hesse_259 0.077946424942648 0.000000000000000 0.000000000000000 0.000000000000000
AFB_afb_hesse_259 0.037999998778105 0.000000000000000 0.000000000000000 0.000000000000000
  AFB_minos_259 6.000000000000000
 AFB_migrad_260 0.000000000000000 -2814.511230129012802
AFB_fh_migrad_260 0.085120145848315 0.000000000000000 0.000000000000000 0.000000000000000
AFB_afb_migrad_260 0.041999999433756 0.000000000000000 0.000000000000000 0.000000000000000
  AFB_hesse_260 0.000000000000000
AFB_fh_hesse_260 0.085120145848315 0.000000000000000 0.000000000000000 0.000000000000000
AFB_afb_hesse_260 0.041999999433756 0.000000000000000 0.000000000000000 0.000000000000000
  AFB_minos_260 6.000000000000000
 AFB_migrad_261 0.000000000000000 -2814.489176275240879
AFB_fh_migrad_261 0.092277195280106 0.000000000000000 0.000000000000000 0.000000000000000
AFB_afb_migrad_261 0.046000000089407 0.000000000000000 0.000000000000000 0.000000000000000
  AFB_hesse_261 0.000000000000000
AFB_fh_hesse_261 0.092277195280106 0.000000000000000 0.000000000000000 0.000000000000000
AFB_afb_hesse_261 0.046000000089407 0.000000000000000 0.000000000000000 0.000000000000000
  AFB_minos_261 6.000000000000000
 AFB_migrad_262 0.000000000000000 -2814.456103312874802
AFB_fh_migrad_262 0.100139635710384 0.000000000000000 0.000000000000000 0.000000000000000
AFB_afb_migrad_262 0.050000000745058 0.000000000000000 0.000000000000000 0.000000000000000
  AFB_hesse_262 0.000000000000000
AFB_fh_hesse_262 0.100139635710384 0.000000000000000 0.000000000000000 0.000000000000000
AFB_afb_hesse_262 0.050000000745058 0.000000000000000 0.000000000000000 0.000000000000000
  AFB_minos_262 6.000000000000000
 AFB_migrad_263 0.000000000000000 -2814.413068270871918
AFB_fh_migrad_263 0.108022727338905 0.000000000000000 0.000000000000000 0.000000000000000
AFB_afb_migrad_263 0.054000001400709 0.000000000000000 0.000000000000000 0.000000000000000
  AFB_hesse_263 0.000000000000000
AFB_fh_hesse_263 0.108022727338905 0.000000000000000 0.000000000000000 0.000000000000000
AFB_afb_hesse_263 0.054000001400709 0.000000000000000 0.000000000000000 0.000000000000000
  AFB_minos_263 6.000000000000000
 AFB_migrad_264 0.000000000000000 -2814.359200166051323
AFB_fh_migrad_264 0.116321345613094 0.000000000000000 0.000000000000000 0.000000000000000
AFB_afb_migrad_264 0.057999998331070 0.000000000000000 0.000000000000000 0.000000000000000
  AFB_hesse_264 0.000000000000000
AFB_fh_hesse_264 0.116321345613094 0.000000000000000 0.000000000000000 0.000000000000000
AFB_afb_hesse_264 0.057999998331070 0.000000000000000 0.000000000000000 0.000000000000000
  AFB_minos_264 6.000000000000000
 AFB_migrad_265 0.000000000000000 -2814.297520713197628
AFB_fh_migrad_265 0.124025852826934 0.000000000000000 0.000000000000000 0.000000000000000
AFB_afb_migrad_265 0.061999998986721 0.000000000000000 0.000000000000000 0.000000000000000
  AFB_hesse_265 0.000000000000000
AFB_fh_hesse_265 0.124025852826934 0.000000000000000 0.000000000000000 0.000000000000000
AFB_afb_hesse_265 0.061999998986721 0.000000000000000 0.000000000000000 0.000000000000000
  AFB_minos_265 6.000000000000000
 AFB_migrad_266 0.000000000000000 -2814.224263112307199
AFB_fh_migrad_266 0.132439272756846 0.000000000000000 0.000000000000000 0.000000000000000
AFB_afb_migrad_266 0.065999999642372 0.000000000000000 0.000000000000000 0.000000000000000
  AFB_hesse_266 0.000000000000000
AFB_fh_hesse_266 0.132439272756846 0.000000000000000 0.000000000000000 0.000000000000000
AFB_afb_hesse_266 0.065999999642372 0.000000000000000 0.000000000000000 0.000000000000000
  AFB_minos_266 6.000000000000000
 AFB_migrad_267 0.000000000000000 -2814.144869971464686
AFB_fh_migrad_267 0.140057390503541 0.000000000000000 0.000000000000000 0.000000000000000
AFB_afb_migrad_267 0.070000000298023 0.000000000000000 0.000000000000000 0.000000000000000
  AFB_hesse_267 0.000000000000000
AFB_fh_hesse_267 0.140057390503541 0.000000000000000 0.000000000000000 0.000000000000000
AFB_afb_hesse_267 0.070000000298023 0.000000000000000 0.000000000000000 0.000000000000000
  AFB_minos_267 6.000000000000000
 AFB_migrad_268 0.000000000000000 -2814.045044519860312
AFB_fh_migrad_268 0.150357118339943 0.000000000000000 0.000000000000000 0.000000000000000
AFB_afb_migrad_268 0.074000000953674 0.000000000000000 0.000000000000000 0.000000000000000
  AFB_hesse_268 0.000000000000000
AFB_fh_hesse_268 0.150357118339943 0.000000000000000 0.000000000000000 0.000000000000000
AFB_afb_hesse_268 0.074000000953674 0.000000000000000 0.000000000000000 0.000000000000000
  AFB_minos_268 6.000000000000000
 AFB_migrad_269 0.000000000000000 -2813.945253971314742
AFB_fh_migrad_269 0.158523314609905 0.000000000000000 0.000000000000000 0.000000000000000
AFB_afb_migrad_269 0.078000001609325 0.000000000000000 0.000000000000000 0.000000000000000
  AFB_hesse_269 0.000000000000000
AFB_fh_hesse_269 0.158523314609905 0.000000000000000 0.000000000000000 0.000000000000000
AFB_afb_hesse_269 0.078000001609325 0.000000000000000 0.000000000000000 0.000000000000000
  AFB_minos_269    6.000000000000000
