         CARD:
              
    FH_migrad_0 0.000000000000000 -4116.341813838069356
 FH_fh_migrad_0 0.025000000372529 0.000000000000000 0.000000000000000 0.000000000000000
FH_afb_migrad_0 0.012480046092512 0.000000000000000 0.000000000000000 0.000000000000000
     FH_hesse_0 0.000000000000000
  FH_fh_hesse_0 0.025000000372529 0.000000000000000 0.000000000000000 0.000000000000000
 FH_afb_hesse_0 0.012480046092512 0.000000000000000 0.000000000000000 0.000000000000000
     FH_minos_0 6.000000000000000
    FH_migrad_1 0.000000000000000 -4116.382228838104311
 FH_fh_migrad_1 0.075000002980232 0.000000000000000 0.000000000000000 0.000000000000000
FH_afb_migrad_1 0.037495664557231 0.000000000000000 0.000000000000000 0.000000000000000
     FH_hesse_1 0.000000000000000
  FH_fh_hesse_1 0.075000002980232 0.000000000000000 0.000000000000000 0.000000000000000
 FH_afb_hesse_1 0.037495664557231 0.000000000000000 0.000000000000000 0.000000000000000
     FH_minos_1 6.000000000000000
    FH_migrad_2 0.000000000000000 -4116.406412949752848
 FH_fh_migrad_2 0.125000000000000 0.000000000000000 0.000000000000000 0.000000000000000
FH_afb_migrad_2 0.062474950499423 0.000000000000000 0.000000000000000 0.000000000000000
     FH_hesse_2 0.000000000000000
  FH_fh_hesse_2 0.125000000000000 0.000000000000000 0.000000000000000 0.000000000000000
 FH_afb_hesse_2 0.062474950499423 0.000000000000000 0.000000000000000 0.000000000000000
     FH_minos_2 6.000000000000000
    FH_migrad_3 0.000000000000000 -4116.413797993079243
 FH_fh_migrad_3 0.174999997019768 0.000000000000000 0.000000000000000 0.000000000000000
FH_afb_migrad_3 0.081138588496971 0.000000000000000 0.000000000000000 0.000000000000000
     FH_hesse_3 0.000000000000000
  FH_fh_hesse_3 0.174999997019768 0.000000000000000 0.000000000000000 0.000000000000000
 FH_afb_hesse_3 0.081138588496971 0.000000000000000 0.000000000000000 0.000000000000000
     FH_minos_3 6.000000000000000
    FH_migrad_4 0.000000000000000 -4116.413965871293840
 FH_fh_migrad_4 0.224999994039536 0.000000000000000 0.000000000000000 0.000000000000000
FH_afb_migrad_4 0.078832234700166 0.000000000000000 0.000000000000000 0.000000000000000
     FH_hesse_4 0.000000000000000
  FH_fh_hesse_4 0.224999994039536 0.000000000000000 0.000000000000000 0.000000000000000
 FH_afb_hesse_4 0.078832234700166 0.000000000000000 0.000000000000000 0.000000000000000
     FH_minos_4 6.000000000000000
    FH_migrad_5 0.000000000000000 -4116.411115889955909
 FH_fh_migrad_5 0.275000005960464 0.000000000000000 0.000000000000000 0.000000000000000
FH_afb_migrad_5 0.077037313219849 0.000000000000000 0.000000000000000 0.000000000000000
     FH_hesse_5 0.000000000000000
  FH_fh_hesse_5 0.275000005960464 0.000000000000000 0.000000000000000 0.000000000000000
 FH_afb_hesse_5 0.077037313219849 0.000000000000000 0.000000000000000 0.000000000000000
     FH_minos_5 6.000000000000000
    FH_migrad_6 0.000000000000000 -4116.405005235042154
 FH_fh_migrad_6 0.324999988079071 0.000000000000000 0.000000000000000 0.000000000000000
FH_afb_migrad_6 0.075246680064564 0.000000000000000 0.000000000000000 0.000000000000000
     FH_hesse_6 0.000000000000000
  FH_fh_hesse_6 0.324999988079071 0.000000000000000 0.000000000000000 0.000000000000000
 FH_afb_hesse_6 0.075246680064564 0.000000000000000 0.000000000000000 0.000000000000000
     FH_minos_6 0.000000000000000
    FH_migrad_7 0.000000000000000 -4116.395379139759825
 FH_fh_migrad_7 0.375000000000000 0.000000000000000 0.000000000000000 0.000000000000000
FH_afb_migrad_7 0.073460423482816 0.000000000000000 0.000000000000000 0.000000000000000
     FH_hesse_7 0.000000000000000
  FH_fh_hesse_7 0.375000000000000 0.000000000000000 0.000000000000000 0.000000000000000
 FH_afb_hesse_7 0.073460423482816 0.000000000000000 0.000000000000000 0.000000000000000
     FH_minos_7 0.000000000000000
    FH_migrad_8 0.000000000000000 -4116.381963106024159
 FH_fh_migrad_8 0.425000011920929 0.000000000000000 0.000000000000000 0.000000000000000
FH_afb_migrad_8 0.071678643368676 0.000000000000000 0.000000000000000 0.000000000000000
     FH_hesse_8 0.000000000000000
  FH_fh_hesse_8 0.425000011920929 0.000000000000000 0.000000000000000 0.000000000000000
 FH_afb_hesse_8 0.071678643368676 0.000000000000000 0.000000000000000 0.000000000000000
     FH_minos_8 0.000000000000000
    FH_migrad_9 0.000000000000000 -4116.364461204386316
 FH_fh_migrad_9 0.474999994039536 0.000000000000000 0.000000000000000 0.000000000000000
FH_afb_migrad_9 0.069901448557195 0.000000000000000 0.000000000000000 0.000000000000000
     FH_hesse_9 0.000000000000000
  FH_fh_hesse_9 0.474999994039536 0.000000000000000 0.000000000000000 0.000000000000000
 FH_afb_hesse_9 0.069901448557195 0.000000000000000 0.000000000000000 0.000000000000000
     FH_minos_9 0.000000000000000
   FH_migrad_10 0.000000000000000 -4116.342554182495405
FH_fh_migrad_10 0.524999976158142 0.000000000000000 0.000000000000000 0.000000000000000
FH_afb_migrad_10 0.068128954764852 0.000000000000000 0.000000000000000 0.000000000000000
    FH_hesse_10 0.000000000000000
 FH_fh_hesse_10 0.524999976158142 0.000000000000000 0.000000000000000 0.000000000000000
FH_afb_hesse_10 0.068128954764852 0.000000000000000 0.000000000000000 0.000000000000000
    FH_minos_10 0.000000000000000
   FH_migrad_11 0.000000000000000 -4116.315897424967261
FH_fh_migrad_11 0.574999988079071 0.000000000000000 0.000000000000000 0.000000000000000
FH_afb_migrad_11 0.066361287260976 0.000000000000000 0.000000000000000 0.000000000000000
    FH_hesse_11 0.000000000000000
 FH_fh_hesse_11 0.574999988079071 0.000000000000000 0.000000000000000 0.000000000000000
FH_afb_hesse_11 0.066361287260976 0.000000000000000 0.000000000000000 0.000000000000000
    FH_minos_11 0.000000000000000
   FH_migrad_12 0.000000000000000 -4116.284118741466045
FH_fh_migrad_12 0.625000000000000 0.000000000000000 0.000000000000000 0.000000000000000
FH_afb_migrad_12 0.064598583305560 0.000000000000000 0.000000000000000 0.000000000000000
    FH_hesse_12 0.000000000000000
 FH_fh_hesse_12 0.625000000000000 0.000000000000000 0.000000000000000 0.000000000000000
FH_afb_hesse_12 0.064598583305560 0.000000000000000 0.000000000000000 0.000000000000000
    FH_minos_12 0.000000000000000
   FH_migrad_13 0.000000000000000 -4116.246815849912309
FH_fh_migrad_13 0.675000011920929 0.000000000000000 0.000000000000000 0.000000000000000
FH_afb_migrad_13 0.062840989268401 0.000000000000000 0.000000000000000 0.000000000000000
    FH_hesse_13 0.000000000000000
 FH_fh_hesse_13 0.675000011920929 0.000000000000000 0.000000000000000 0.000000000000000
FH_afb_hesse_13 0.062840989268401 0.000000000000000 0.000000000000000 0.000000000000000
    FH_minos_13 0.000000000000000
   FH_migrad_14 0.000000000000000 -4116.203553660512625
FH_fh_migrad_14 0.725000023841858 0.000000000000000 0.000000000000000 0.000000000000000
FH_afb_migrad_14 0.061088652215066 0.000000000000000 0.000000000000000 0.000000000000000
    FH_hesse_14 0.000000000000000
 FH_fh_hesse_14 0.725000023841858 0.000000000000000 0.000000000000000 0.000000000000000
FH_afb_hesse_14 0.061088652215066 0.000000000000000 0.000000000000000 0.000000000000000
    FH_minos_14 0.000000000000000
   FH_migrad_15 0.000000000000000 -4116.153861332671113
FH_fh_migrad_15 0.774999976158142 0.000000000000000 0.000000000000000 0.000000000000000
FH_afb_migrad_15 0.059341762423467 0.000000000000000 0.000000000000000 0.000000000000000
    FH_hesse_15 0.000000000000000
 FH_fh_hesse_15 0.774999976158142 0.000000000000000 0.000000000000000 0.000000000000000
FH_afb_hesse_15 0.059341762423467 0.000000000000000 0.000000000000000 0.000000000000000
    FH_minos_15 0.000000000000000
   FH_migrad_16 0.000000000000000 -4116.097228712163997
FH_fh_migrad_16 0.824999988079071 0.000000000000000 0.000000000000000 0.000000000000000
FH_afb_migrad_16 0.057600485402316 0.000000000000000 0.000000000000000 0.000000000000000
    FH_hesse_16 0.000000000000000
 FH_fh_hesse_16 0.824999988079071 0.000000000000000 0.000000000000000 0.000000000000000
FH_afb_hesse_16 0.057600485402316 0.000000000000000 0.000000000000000 0.000000000000000
    FH_minos_16 0.000000000000000
   FH_migrad_17 0.000000000000000 -4116.033103021955867
FH_fh_migrad_17 0.875000000000000 0.000000000000000 0.000000000000000 0.000000000000000
FH_afb_migrad_17 0.055865015041021 0.000000000000000 0.000000000000000 0.000000000000000
    FH_hesse_17 0.000000000000000
 FH_fh_hesse_17 0.875000000000000 0.000000000000000 0.000000000000000 0.000000000000000
FH_afb_hesse_17 0.055865015041021 0.000000000000000 0.000000000000000 0.000000000000000
    FH_minos_17 0.000000000000000
   FH_migrad_18 0.000000000000000 -4115.960884583068037
FH_fh_migrad_18 0.925000011920929 0.000000000000000 0.000000000000000 0.000000000000000
FH_afb_migrad_18 0.054135555818910 0.000000000000000 0.000000000000000 0.000000000000000
    FH_hesse_18 0.000000000000000
 FH_fh_hesse_18 0.925000011920929 0.000000000000000 0.000000000000000 0.000000000000000
FH_afb_hesse_18 0.054135555818910 0.000000000000000 0.000000000000000 0.000000000000000
    FH_minos_18 0.000000000000000
   FH_migrad_19 0.000000000000000 -4115.879922388557134
FH_fh_migrad_19 0.975000023841858 0.000000000000000 0.000000000000000 0.000000000000000
FH_afb_migrad_19 0.052412325450677 0.000000000000000 0.000000000000000 0.000000000000000
    FH_hesse_19 0.000000000000000
 FH_fh_hesse_19 0.975000023841858 0.000000000000000 0.000000000000000 0.000000000000000
FH_afb_hesse_19 0.052412325450677 0.000000000000000 0.000000000000000 0.000000000000000
    FH_minos_19 0.000000000000000
  AFB_migrad_27 0.000000000000000 -4115.670873926664171
AFB_fh_migrad_27 0.378202301056041 0.000000000000000 0.000000000000000 0.000000000000000
AFB_afb_migrad_27 -0.174999997019768 0.000000000000000 0.000000000000000 0.000000000000000
   AFB_hesse_27 0.000000000000000
AFB_fh_hesse_27 0.378202301056041 0.000000000000000 0.000000000000000 0.000000000000000
AFB_afb_hesse_27 -0.174999997019768 0.000000000000000 0.000000000000000 0.000000000000000
   AFB_minos_27 6.000000000000000
  AFB_migrad_28 0.000000000000000 -4115.848885552283718
AFB_fh_migrad_28 0.321538649802284 0.000000000000000 0.000000000000000 0.000000000000000
AFB_afb_migrad_28 -0.144999995827675 0.000000000000000 0.000000000000000 0.000000000000000
   AFB_hesse_28 0.000000000000000
AFB_fh_hesse_28 0.321538649802284 0.000000000000000 0.000000000000000 0.000000000000000
AFB_afb_hesse_28 -0.144999995827675 0.000000000000000 0.000000000000000 0.000000000000000
   AFB_minos_28 6.000000000000000
  AFB_migrad_29 0.000000000000000 -4115.998220683174623
AFB_fh_migrad_29 0.255191657876492 0.000000000000000 0.000000000000000 0.000000000000000
AFB_afb_migrad_29 -0.115000002086163 0.000000000000000 0.000000000000000 0.000000000000000
   AFB_hesse_29 0.000000000000000
AFB_fh_hesse_29 0.255191657876492 0.000000000000000 0.000000000000000 0.000000000000000
AFB_afb_hesse_29 -0.115000002086163 0.000000000000000 0.000000000000000 0.000000000000000
   AFB_minos_29 6.000000000000000
  AFB_migrad_30 0.000000000000000 -4116.118181709427517
AFB_fh_migrad_30 0.213311072891040 0.000000000000000 0.000000000000000 0.000000000000000
AFB_afb_migrad_30 -0.085000000894070 0.000000000000000 0.000000000000000 0.000000000000000
   AFB_hesse_30 0.000000000000000
AFB_fh_hesse_30 0.213311072891040 0.000000000000000 0.000000000000000 0.000000000000000
AFB_afb_hesse_30 -0.085000000894070 0.000000000000000 0.000000000000000 0.000000000000000
   AFB_minos_30 6.000000000000000
  AFB_migrad_31 0.000000000000000 -4116.216234179036292
AFB_fh_migrad_31 0.228739898822792 0.000000000000000 0.000000000000000 0.000000000000000
AFB_afb_migrad_31 -0.054999999701977 0.000000000000000 0.000000000000000 0.000000000000000
   AFB_hesse_31 0.000000000000000
AFB_fh_hesse_31 0.228739898822792 0.000000000000000 0.000000000000000 0.000000000000000
AFB_afb_hesse_31 -0.054999999701977 0.000000000000000 0.000000000000000 0.000000000000000
   AFB_minos_31 6.000000000000000
  AFB_migrad_32 0.000000000000000 -4116.294738076941940
AFB_fh_migrad_32 0.224464658737251 0.000000000000000 0.000000000000000 0.000000000000000
AFB_afb_migrad_32 -0.025000000372529 0.000000000000000 0.000000000000000 0.000000000000000
   AFB_hesse_32 0.000000000000000
AFB_fh_hesse_32 0.224464658737251 0.000000000000000 0.000000000000000 0.000000000000000
AFB_afb_hesse_32 -0.025000000372529 0.000000000000000 0.000000000000000 0.000000000000000
   AFB_minos_32 0.000000000000000
  AFB_migrad_33 0.000000000000000 -4116.353516411299097
AFB_fh_migrad_33 0.230952832091975 0.000000000000000 0.000000000000000 0.000000000000000
AFB_afb_migrad_33 0.004999999888241 0.000000000000000 0.000000000000000 0.000000000000000
   AFB_hesse_33 0.000000000000000
AFB_fh_hesse_33 0.230952832091975 0.000000000000000 0.000000000000000 0.000000000000000
AFB_afb_hesse_33 0.004999999888241 0.000000000000000 0.000000000000000 0.000000000000000
   AFB_minos_33 0.000000000000000
  AFB_migrad_34 0.000000000000000 -4116.392466885206886
AFB_fh_migrad_34 0.221486720196859 0.000000000000000 0.000000000000000 0.000000000000000
AFB_afb_migrad_34 0.035000000149012 0.000000000000000 0.000000000000000 0.000000000000000
   AFB_hesse_34 0.000000000000000
AFB_fh_hesse_34 0.221486720196859 0.000000000000000 0.000000000000000 0.000000000000000
AFB_afb_hesse_34 0.035000000149012 0.000000000000000 0.000000000000000 0.000000000000000
   AFB_minos_34 0.000000000000000
  AFB_migrad_35 0.000000000000000 -4116.411796329699428
AFB_fh_migrad_35 0.215729998662345 0.000000000000000 0.000000000000000 0.000000000000000
AFB_afb_migrad_35 0.064999997615814 0.000000000000000 0.000000000000000 0.000000000000000
   AFB_hesse_35 0.000000000000000
AFB_fh_hesse_35 0.215729998662345 0.000000000000000 0.000000000000000 0.000000000000000
AFB_afb_hesse_35 0.064999997615814 0.000000000000000 0.000000000000000 0.000000000000000
   AFB_minos_35 6.000000000000000
  AFB_migrad_36 0.000000000000000 -4116.411922467642398
AFB_fh_migrad_36 0.195032428690418 0.000000000000000 0.000000000000000 0.000000000000000
AFB_afb_migrad_36 0.094999998807907 0.000000000000000 0.000000000000000 0.000000000000000
   AFB_hesse_36 0.000000000000000
AFB_fh_hesse_36 0.195032428690418 0.000000000000000 0.000000000000000 0.000000000000000
AFB_afb_hesse_36 0.094999998807907 0.000000000000000 0.000000000000000 0.000000000000000
   AFB_minos_36 6.000000000000000
  AFB_migrad_37 0.000000000000000 -4116.389001098344124
AFB_fh_migrad_37 0.250047826254332 0.000000000000000 0.000000000000000 0.000000000000000
AFB_afb_migrad_37 0.125000000000000 0.000000000000000 0.000000000000000 0.000000000000000
   AFB_hesse_37 0.000000000000000
AFB_fh_hesse_37 0.250047826254332 0.000000000000000 0.000000000000000 0.000000000000000
AFB_afb_hesse_37 0.125000000000000 0.000000000000000 0.000000000000000 0.000000000000000
   AFB_minos_37 6.000000000000000
  AFB_migrad_38 0.000000000000000 -4116.337085656046838
AFB_fh_migrad_38 0.310074321660455 0.000000000000000 0.000000000000000 0.000000000000000
AFB_afb_migrad_38 0.155000001192093 0.000000000000000 0.000000000000000 0.000000000000000
   AFB_hesse_38 0.000000000000000
AFB_fh_hesse_38 0.310074321660455 0.000000000000000 0.000000000000000 0.000000000000000
AFB_afb_hesse_38 0.155000001192093 0.000000000000000 0.000000000000000 0.000000000000000
   AFB_minos_38 6.000000000000000
  AFB_migrad_39 0.000000000000000 -4116.253978248776548
AFB_fh_migrad_39 0.370100784502276 0.000000000000000 0.000000000000000 0.000000000000000
AFB_afb_migrad_39 0.185000002384186 0.000000000000000 0.000000000000000 0.000000000000000
   AFB_hesse_39 0.000000000000000
AFB_fh_hesse_39 0.370100784502276 0.000000000000000 0.000000000000000 0.000000000000000
AFB_afb_hesse_39 0.185000002384186 0.000000000000000 0.000000000000000 0.000000000000000
   AFB_minos_39 6.000000000000000
  AFB_migrad_40 0.000000000000000 -4116.137401262970343
AFB_fh_migrad_40 0.430006209304204 0.000000000000000 0.000000000000000 0.000000000000000
AFB_afb_migrad_40 0.215000003576279 0.000000000000000 0.000000000000000 0.000000000000000
   AFB_hesse_40 0.000000000000000
AFB_fh_hesse_40 0.430006209304204 0.000000000000000 0.000000000000000 0.000000000000000
AFB_afb_hesse_40 0.215000003576279 0.000000000000000 0.000000000000000 0.000000000000000
   AFB_minos_40 6.000000000000000
  AFB_migrad_41 0.000000000000000 -4115.984723912937625
AFB_fh_migrad_41 0.490065306713804 0.000000000000000 0.000000000000000 0.000000000000000
AFB_afb_migrad_41 0.245000004768372 0.000000000000000 0.000000000000000 0.000000000000000
   AFB_hesse_41 0.000000000000000
AFB_fh_hesse_41 0.490065306713804 0.000000000000000 0.000000000000000 0.000000000000000
AFB_afb_hesse_41 0.245000004768372 0.000000000000000 0.000000000000000 0.000000000000000
   AFB_minos_41 6.000000000000000
  AFB_migrad_42 0.000000000000000 -4115.793449365304696
AFB_fh_migrad_42 0.550011723947095 0.000000000000000 0.000000000000000 0.000000000000000
AFB_afb_migrad_42 0.275000005960464 0.000000000000000 0.000000000000000 0.000000000000000
   AFB_hesse_42 0.000000000000000
AFB_fh_hesse_42 0.550011723947095 0.000000000000000 0.000000000000000 0.000000000000000
AFB_afb_hesse_42 0.275000005960464 0.000000000000000 0.000000000000000 0.000000000000000
   AFB_minos_42 6.000000000000000
  AFB_migrad_43 0.000000000000000 -4115.560641594095614
AFB_fh_migrad_43 0.610001098254968 0.000000000000000 0.000000000000000 0.000000000000000
AFB_afb_migrad_43 0.305000007152557 0.000000000000000 0.000000000000000 0.000000000000000
   AFB_hesse_43 0.000000000000000
AFB_fh_hesse_43 0.610001098254968 0.000000000000000 0.000000000000000 0.000000000000000
AFB_afb_hesse_43 0.305000007152557 0.000000000000000 0.000000000000000 0.000000000000000
   AFB_minos_43 6.000000000000000
  AFB_migrad_44 0.000000000000000 -4115.283287975538769
AFB_fh_migrad_44 0.670019693175222 0.000000000000000 0.000000000000000 0.000000000000000
AFB_afb_migrad_44 0.335000008344650 0.000000000000000 0.000000000000000 0.000000000000000
   AFB_hesse_44 0.000000000000000
AFB_fh_hesse_44 0.670019693175222 0.000000000000000 0.000000000000000 0.000000000000000
AFB_afb_hesse_44 0.335000008344650 0.000000000000000 0.000000000000000 0.000000000000000
   AFB_minos_44 6.000000000000000
  AFB_migrad_45 0.000000000000000 -4114.958289264838641
AFB_fh_migrad_45 0.730008391526894 0.000000000000000 0.000000000000000 0.000000000000000
AFB_afb_migrad_45 0.365000009536743 0.000000000000000 0.000000000000000 0.000000000000000
   AFB_hesse_45 0.000000000000000
AFB_fh_hesse_45 0.730008391526894 0.000000000000000 0.000000000000000 0.000000000000000
AFB_afb_hesse_45 0.365000009536743 0.000000000000000 0.000000000000000 0.000000000000000
   AFB_minos_45 6.000000000000000
  AFB_migrad_46 0.000000000000000 -4114.581939724694166
AFB_fh_migrad_46 0.790141562825691 0.000000000000000 0.000000000000000 0.000000000000000
AFB_afb_migrad_46 0.395000010728836 0.000000000000000 0.000000000000000 0.000000000000000
   AFB_hesse_46 0.000000000000000
AFB_fh_hesse_46 0.790141562825691 0.000000000000000 0.000000000000000 0.000000000000000
AFB_afb_hesse_46 0.395000010728836 0.000000000000000 0.000000000000000 0.000000000000000
   AFB_minos_46 6.000000000000000
