         CARD:
              
    FH_migrad_1 0.000000000000000 -17048.638294112992298
 FH_fh_migrad_1 0.007499999832362 0.000000000000000 0.000000000000000 0.000000000000000
FH_afb_migrad_1 -0.003749542877425 0.000000000000000 0.000000000000000 0.000000000000000
     FH_hesse_1 0.000000000000000
  FH_fh_hesse_1 0.007499999832362 0.000000000000000 0.000000000000000 0.000000000000000
 FH_afb_hesse_1 -0.003749542877425 0.000000000000000 0.000000000000000 0.000000000000000
     FH_minos_1 6.000000000000000
    FH_migrad_2 0.000000000000000 -17048.549003100655682
 FH_fh_migrad_2 0.014999999664724 0.000000000000000 0.000000000000000 0.000000000000000
FH_afb_migrad_2 -0.007490651932740 0.000000000000000 0.000000000000000 0.000000000000000
     FH_hesse_2 0.000000000000000
  FH_fh_hesse_2 0.014999999664724 0.000000000000000 0.000000000000000 0.000000000000000
 FH_afb_hesse_2 -0.007490651932740 0.000000000000000 0.000000000000000 0.000000000000000
     FH_minos_2 6.000000000000000
    FH_migrad_3 0.000000000000000 -17048.453349493793212
 FH_fh_migrad_3 0.022500000894070 0.000000000000000 0.000000000000000 0.000000000000000
FH_afb_migrad_3 -0.011234685465929 0.000000000000000 0.000000000000000 0.000000000000000
     FH_hesse_3 0.000000000000000
  FH_fh_hesse_3 0.022500000894070 0.000000000000000 0.000000000000000 0.000000000000000
 FH_afb_hesse_3 -0.011234685465929 0.000000000000000 0.000000000000000 0.000000000000000
     FH_minos_3 6.000000000000000
    FH_migrad_4 0.000000000000000 -17048.350284350130096
 FH_fh_migrad_4 0.029999999329448 0.000000000000000 0.000000000000000 0.000000000000000
FH_afb_migrad_4 -0.014929647414784 0.000000000000000 0.000000000000000 0.000000000000000
     FH_hesse_4 0.000000000000000
  FH_fh_hesse_4 0.029999999329448 0.000000000000000 0.000000000000000 0.000000000000000
 FH_afb_hesse_4 -0.014929647414784 0.000000000000000 0.000000000000000 0.000000000000000
     FH_minos_4 6.000000000000000
    FH_migrad_5 0.000000000000000 -17048.241947333495773
 FH_fh_migrad_5 0.037500001490116 0.000000000000000 0.000000000000000 0.000000000000000
FH_afb_migrad_5 -0.018677032891302 0.000000000000000 0.000000000000000 0.000000000000000
     FH_hesse_5 0.000000000000000
  FH_fh_hesse_5 0.037500001490116 0.000000000000000 0.000000000000000 0.000000000000000
 FH_afb_hesse_5 -0.018677032891302 0.000000000000000 0.000000000000000 0.000000000000000
     FH_minos_5 6.000000000000000
    FH_migrad_6 0.000000000000000 -17048.127259251054056
 FH_fh_migrad_6 0.045000001788139 0.000000000000000 0.000000000000000 0.000000000000000
FH_afb_migrad_6 -0.022424396121192 0.000000000000000 0.000000000000000 0.000000000000000
     FH_hesse_6 0.000000000000000
  FH_fh_hesse_6 0.045000001788139 0.000000000000000 0.000000000000000 0.000000000000000
 FH_afb_hesse_6 -0.022424396121192 0.000000000000000 0.000000000000000 0.000000000000000
     FH_minos_6 6.000000000000000
    FH_migrad_7 0.000000000000000 -17048.006259238703933
 FH_fh_migrad_7 0.052499998360872 0.000000000000000 0.000000000000000 0.000000000000000
FH_afb_migrad_7 -0.026171752301364 0.000000000000000 0.000000000000000 0.000000000000000
     FH_hesse_7 0.000000000000000
  FH_fh_hesse_7 0.052499998360872 0.000000000000000 0.000000000000000 0.000000000000000
 FH_afb_hesse_7 -0.026171752301364 0.000000000000000 0.000000000000000 0.000000000000000
     FH_minos_7 6.000000000000000
    FH_migrad_8 0.000000000000000 -17047.878984192673670
 FH_fh_migrad_8 0.059999998658895 0.000000000000000 0.000000000000000 0.000000000000000
FH_afb_migrad_8 -0.029919113514593 0.000000000000000 0.000000000000000 0.000000000000000
     FH_hesse_8 0.000000000000000
  FH_fh_hesse_8 0.059999998658895 0.000000000000000 0.000000000000000 0.000000000000000
 FH_afb_hesse_8 -0.029919113514593 0.000000000000000 0.000000000000000 0.000000000000000
     FH_minos_8 6.000000000000000
    FH_migrad_9 0.000000000000000 -17047.745469363318989
 FH_fh_migrad_9 0.067500002682209 0.000000000000000 0.000000000000000 0.000000000000000
FH_afb_migrad_9 -0.033666492707805 0.000000000000000 0.000000000000000 0.000000000000000
     FH_hesse_9 0.000000000000000
  FH_fh_hesse_9 0.067500002682209 0.000000000000000 0.000000000000000 0.000000000000000
 FH_afb_hesse_9 -0.033666492707805 0.000000000000000 0.000000000000000 0.000000000000000
     FH_minos_9 6.000000000000000
   FH_migrad_10 0.000000000000000 -17047.605748402784229
FH_fh_migrad_10 0.075000002980232 0.000000000000000 0.000000000000000 0.000000000000000
FH_afb_migrad_10 -0.037413900414026 0.000000000000000 0.000000000000000 0.000000000000000
    FH_hesse_10 0.000000000000000
 FH_fh_hesse_10 0.075000002980232 0.000000000000000 0.000000000000000 0.000000000000000
FH_afb_hesse_10 -0.037413900414026 0.000000000000000 0.000000000000000 0.000000000000000
    FH_minos_10 6.000000000000000
   FH_migrad_11 0.000000000000000 -17047.459853022020980
FH_fh_migrad_11 0.082500003278255 0.000000000000000 0.000000000000000 0.000000000000000
FH_afb_migrad_11 -0.041161347800966 0.000000000000000 0.000000000000000 0.000000000000000
    FH_hesse_11 0.000000000000000
 FH_fh_hesse_11 0.082500003278255 0.000000000000000 0.000000000000000 0.000000000000000
FH_afb_hesse_11 -0.041161347800966 0.000000000000000 0.000000000000000 0.000000000000000
    FH_minos_11 6.000000000000000
   FH_migrad_12 0.000000000000000 -17047.307813410527160
FH_fh_migrad_12 0.090000003576279 0.000000000000000 0.000000000000000 0.000000000000000
FH_afb_migrad_12 -0.044908843649494 0.000000000000000 0.000000000000000 0.000000000000000
    FH_hesse_12 0.000000000000000
 FH_fh_hesse_12 0.090000003576279 0.000000000000000 0.000000000000000 0.000000000000000
FH_afb_hesse_12 -0.044908843649494 0.000000000000000 0.000000000000000 0.000000000000000
    FH_minos_12 6.000000000000000
   FH_migrad_13 0.000000000000000 -17047.149658452311996
FH_fh_migrad_13 0.097499996423721 0.000000000000000 0.000000000000000 0.000000000000000
FH_afb_migrad_13 -0.048656396850504 0.000000000000000 0.000000000000000 0.000000000000000
    FH_hesse_13 0.000000000000000
 FH_fh_hesse_13 0.097499996423721 0.000000000000000 0.000000000000000 0.000000000000000
FH_afb_hesse_13 -0.048656396850504 0.000000000000000 0.000000000000000 0.000000000000000
    FH_minos_13 6.000000000000000
   FH_migrad_14 0.000000000000000 -17046.983516059121030
FH_fh_migrad_14 0.104999996721745 0.000000000000000 0.000000000000000 0.000000000000000
FH_afb_migrad_14 -0.052197255238036 0.000000000000000 0.000000000000000 0.000000000000000
    FH_hesse_14 0.000000000000000
 FH_fh_hesse_14 0.104999996721745 0.000000000000000 0.000000000000000 0.000000000000000
FH_afb_hesse_14 -0.052197255238036 0.000000000000000 0.000000000000000 0.000000000000000
    FH_minos_14 6.000000000000000
   FH_migrad_15 0.000000000000000 -17046.815736575888877
FH_fh_migrad_15 0.112499997019768 0.000000000000000 0.000000000000000 0.000000000000000
FH_afb_migrad_15 -0.056230311682672 0.000000000000000 0.000000000000000 0.000000000000000
    FH_hesse_15 0.000000000000000
 FH_fh_hesse_15 0.112499997019768 0.000000000000000 0.000000000000000 0.000000000000000
FH_afb_hesse_15 -0.056230311682672 0.000000000000000 0.000000000000000 0.000000000000000
    FH_minos_15 6.000000000000000
   FH_migrad_16 0.000000000000000 -17046.637792914767488
FH_fh_migrad_16 0.119999997317791 0.000000000000000 0.000000000000000 0.000000000000000
FH_afb_migrad_16 -0.059757900123771 0.000000000000000 0.000000000000000 0.000000000000000
    FH_hesse_16 0.000000000000000
 FH_fh_hesse_16 0.119999997317791 0.000000000000000 0.000000000000000 0.000000000000000
FH_afb_hesse_16 -0.059757900123771 0.000000000000000 0.000000000000000 0.000000000000000
    FH_minos_16 6.000000000000000
   FH_migrad_17 0.000000000000000 -17046.456726176027587
FH_fh_migrad_17 0.127499997615814 0.000000000000000 0.000000000000000 0.000000000000000
FH_afb_migrad_17 -0.063711144640755 0.000000000000000 0.000000000000000 0.000000000000000
    FH_hesse_17 0.000000000000000
 FH_fh_hesse_17 0.127499997615814 0.000000000000000 0.000000000000000 0.000000000000000
FH_afb_hesse_17 -0.063711144640755 0.000000000000000 0.000000000000000 0.000000000000000
    FH_minos_17 6.000000000000000
   FH_migrad_18 0.000000000000000 -17046.268404911526886
FH_fh_migrad_18 0.135000005364418 0.000000000000000 0.000000000000000 0.000000000000000
FH_afb_migrad_18 -0.067481995796384 0.000000000000000 0.000000000000000 0.000000000000000
    FH_hesse_18 0.000000000000000
 FH_fh_hesse_18 0.135000005364418 0.000000000000000 0.000000000000000 0.000000000000000
FH_afb_hesse_18 -0.067481995796384 0.000000000000000 0.000000000000000 0.000000000000000
    FH_minos_18 6.000000000000000
   FH_migrad_19 0.000000000000000 -17046.073240170157078
FH_fh_migrad_19 0.142499998211861 0.000000000000000 0.000000000000000 0.000000000000000
FH_afb_migrad_19 -0.070999982013771 0.000000000000000 0.000000000000000 0.000000000000000
    FH_hesse_19 0.000000000000000
 FH_fh_hesse_19 0.142499998211861 0.000000000000000 0.000000000000000 0.000000000000000
FH_afb_hesse_19 -0.070999982013771 0.000000000000000 0.000000000000000 0.000000000000000
    FH_minos_19 6.000000000000000
   FH_migrad_20 0.000000000000000 -17045.873228926870070
FH_fh_migrad_20 0.150000005960464 0.000000000000000 0.000000000000000 0.000000000000000
FH_afb_migrad_20 -0.074791233512793 0.000000000000000 0.000000000000000 0.000000000000000
    FH_hesse_20 0.000000000000000
 FH_fh_hesse_20 0.150000005960464 0.000000000000000 0.000000000000000 0.000000000000000
FH_afb_hesse_20 -0.074791233512793 0.000000000000000 0.000000000000000 0.000000000000000
    FH_minos_20 6.000000000000000
   FH_migrad_21 0.000000000000000 -17045.667214193988912
FH_fh_migrad_21 0.157499998807907 0.000000000000000 0.000000000000000 0.000000000000000
FH_afb_migrad_21 -0.078606054457346 0.000000000000000 0.000000000000000 0.000000000000000
    FH_hesse_21 0.000000000000000
 FH_fh_hesse_21 0.157499998807907 0.000000000000000 0.000000000000000 0.000000000000000
FH_afb_hesse_21 -0.078606054457346 0.000000000000000 0.000000000000000 0.000000000000000
    FH_minos_21 6.000000000000000
   FH_migrad_23 0.000000000000000 -17045.238910226467851
FH_fh_migrad_23 0.172499999403954 0.000000000000000 0.000000000000000 0.000000000000000
FH_afb_migrad_23 -0.082849362236280 0.000000000000000 0.000000000000000 0.000000000000000
    FH_hesse_23 0.000000000000000
 FH_fh_hesse_23 0.172499999403954 0.000000000000000 0.000000000000000 0.000000000000000
FH_afb_hesse_23 -0.082849362236280 0.000000000000000 0.000000000000000 0.000000000000000
    FH_minos_23 6.000000000000000
   FH_migrad_24 0.000000000000000 -17045.020588692907040
FH_fh_migrad_24 0.180000007152557 0.000000000000000 0.000000000000000 0.000000000000000
FH_afb_migrad_24 -0.083228225721919 0.000000000000000 0.000000000000000 0.000000000000000
    FH_hesse_24 0.000000000000000
 FH_fh_hesse_24 0.180000007152557 0.000000000000000 0.000000000000000 0.000000000000000
FH_afb_hesse_24 -0.083228225721919 0.000000000000000 0.000000000000000 0.000000000000000
    FH_minos_24 6.000000000000000
   FH_migrad_25 0.000000000000000 -17044.800173417632323
FH_fh_migrad_25 0.187500000000000 0.000000000000000 0.000000000000000 0.000000000000000
FH_afb_migrad_25 -0.083593534532261 0.000000000000000 0.000000000000000 0.000000000000000
    FH_hesse_25 0.000000000000000
 FH_fh_hesse_25 0.187500000000000 0.000000000000000 0.000000000000000 0.000000000000000
FH_afb_hesse_25 -0.083593534532261 0.000000000000000 0.000000000000000 0.000000000000000
    FH_minos_25 6.000000000000000
   FH_migrad_26 0.000000000000000 -17044.577665433280345
FH_fh_migrad_26 0.194999992847443 0.000000000000000 0.000000000000000 0.000000000000000
FH_afb_migrad_26 -0.083954824924374 0.000000000000000 0.000000000000000 0.000000000000000
    FH_hesse_26 0.000000000000000
 FH_fh_hesse_26 0.194999992847443 0.000000000000000 0.000000000000000 0.000000000000000
FH_afb_hesse_26 -0.083954824924374 0.000000000000000 0.000000000000000 0.000000000000000
    FH_minos_26 6.000000000000000
   FH_migrad_27 0.000000000000000 -17044.353066483126895
FH_fh_migrad_27 0.202500000596046 0.000000000000000 0.000000000000000 0.000000000000000
FH_afb_migrad_27 -0.084312218359280 0.000000000000000 0.000000000000000 0.000000000000000
    FH_hesse_27 0.000000000000000
 FH_fh_hesse_27 0.202500000596046 0.000000000000000 0.000000000000000 0.000000000000000
FH_afb_hesse_27 -0.084312218359280 0.000000000000000 0.000000000000000 0.000000000000000
    FH_minos_27 6.000000000000000
   FH_migrad_28 0.000000000000000 -17044.126379447163345
FH_fh_migrad_28 0.209999993443489 0.000000000000000 0.000000000000000 0.000000000000000
FH_afb_migrad_28 -0.084665829207762 0.000000000000000 0.000000000000000 0.000000000000000
    FH_hesse_28 0.000000000000000
 FH_fh_hesse_28 0.209999993443489 0.000000000000000 0.000000000000000 0.000000000000000
FH_afb_hesse_28 -0.084665829207762 0.000000000000000 0.000000000000000 0.000000000000000
    FH_minos_28 6.000000000000000
   FH_migrad_29 0.000000000000000 -17043.897605215202930
FH_fh_migrad_29 0.217500001192093 0.000000000000000 0.000000000000000 0.000000000000000
FH_afb_migrad_29 -0.085015769987484 0.000000000000000 0.000000000000000 0.000000000000000
    FH_hesse_29 0.000000000000000
 FH_fh_hesse_29 0.217500001192093 0.000000000000000 0.000000000000000 0.000000000000000
FH_afb_hesse_29 -0.085015769987484 0.000000000000000 0.000000000000000 0.000000000000000
    FH_minos_29 6.000000000000000
   FH_migrad_30 0.000000000000000 -17043.666746296807105
FH_fh_migrad_30 0.224999994039536 0.000000000000000 0.000000000000000 0.000000000000000
FH_afb_migrad_30 -0.085362145918809 0.000000000000000 0.000000000000000 0.000000000000000
    FH_hesse_30 0.000000000000000
 FH_fh_hesse_30 0.224999994039536 0.000000000000000 0.000000000000000 0.000000000000000
FH_afb_hesse_30 -0.085362145918809 0.000000000000000 0.000000000000000 0.000000000000000
    FH_minos_30 6.000000000000000
   FH_migrad_31 0.000000000000000 -17043.433803191477637
FH_fh_migrad_31 0.232500001788139 0.000000000000000 0.000000000000000 0.000000000000000
FH_afb_migrad_31 -0.085705060673748 0.000000000000000 0.000000000000000 0.000000000000000
    FH_hesse_31 0.000000000000000
 FH_fh_hesse_31 0.232500001788139 0.000000000000000 0.000000000000000 0.000000000000000
FH_afb_hesse_31 -0.085705060673748 0.000000000000000 0.000000000000000 0.000000000000000
    FH_minos_31 6.000000000000000
   FH_migrad_32 0.000000000000000 -17043.198778064335784
FH_fh_migrad_32 0.239999994635582 0.000000000000000 0.000000000000000 0.000000000000000
FH_afb_migrad_32 -0.086044611104414 0.000000000000000 0.000000000000000 0.000000000000000
    FH_hesse_32 0.000000000000000
 FH_fh_hesse_32 0.239999994635582 0.000000000000000 0.000000000000000 0.000000000000000
FH_afb_hesse_32 -0.086044611104414 0.000000000000000 0.000000000000000 0.000000000000000
    FH_minos_32 0.000000000000000
   FH_migrad_33 0.000000000000000 -17042.961671049506549
FH_fh_migrad_33 0.247500002384186 0.000000000000000 0.000000000000000 0.000000000000000
FH_afb_migrad_33 -0.086380892928900 0.000000000000000 0.000000000000000 0.000000000000000
    FH_hesse_33 0.000000000000000
 FH_fh_hesse_33 0.247500002384186 0.000000000000000 0.000000000000000 0.000000000000000
FH_afb_hesse_33 -0.086380892928900 0.000000000000000 0.000000000000000 0.000000000000000
    FH_minos_33 0.000000000000000
   FH_migrad_34 0.000000000000000 -17042.722483991408808
FH_fh_migrad_34 0.254999995231628 0.000000000000000 0.000000000000000 0.000000000000000
FH_afb_migrad_34 -0.086713995401972 0.000000000000000 0.000000000000000 0.000000000000000
    FH_hesse_34 0.000000000000000
 FH_fh_hesse_34 0.254999995231628 0.000000000000000 0.000000000000000 0.000000000000000
FH_afb_hesse_34 -0.086713995401972 0.000000000000000 0.000000000000000 0.000000000000000
    FH_minos_34 0.000000000000000
   FH_migrad_35 0.000000000000000 -17042.481217162916437
FH_fh_migrad_35 0.262499988079071 0.000000000000000 0.000000000000000 0.000000000000000
FH_afb_migrad_35 -0.087044006272504 0.000000000000000 0.000000000000000 0.000000000000000
    FH_hesse_35 0.000000000000000
 FH_fh_hesse_35 0.262499988079071 0.000000000000000 0.000000000000000 0.000000000000000
FH_afb_hesse_35 -0.087044006272504 0.000000000000000 0.000000000000000 0.000000000000000
    FH_minos_35 0.000000000000000
   FH_migrad_36 0.000000000000000 -17042.237870179684251
FH_fh_migrad_36 0.270000010728836 0.000000000000000 0.000000000000000 0.000000000000000
FH_afb_migrad_36 -0.087371010521800 0.000000000000000 0.000000000000000 0.000000000000000
    FH_hesse_36 0.000000000000000
 FH_fh_hesse_36 0.270000010728836 0.000000000000000 0.000000000000000 0.000000000000000
FH_afb_hesse_36 -0.087371010521800 0.000000000000000 0.000000000000000 0.000000000000000
    FH_minos_36 0.000000000000000
   FH_migrad_37 0.000000000000000 -17041.992445412248344
FH_fh_migrad_37 0.277500003576279 0.000000000000000 0.000000000000000 0.000000000000000
FH_afb_migrad_37 -0.087695085974228 0.000000000000000 0.000000000000000 0.000000000000000
    FH_hesse_37 0.000000000000000
 FH_fh_hesse_37 0.277500003576279 0.000000000000000 0.000000000000000 0.000000000000000
FH_afb_hesse_37 -0.087695085974228 0.000000000000000 0.000000000000000 0.000000000000000
    FH_minos_37 0.000000000000000
   FH_migrad_38 0.000000000000000 -17041.744942188935966
FH_fh_migrad_38 0.284999996423721 0.000000000000000 0.000000000000000 0.000000000000000
FH_afb_migrad_38 -0.088016311324111 0.000000000000000 0.000000000000000 0.000000000000000
    FH_hesse_38 0.000000000000000
 FH_fh_hesse_38 0.284999996423721 0.000000000000000 0.000000000000000 0.000000000000000
FH_afb_hesse_38 -0.088016311324111 0.000000000000000 0.000000000000000 0.000000000000000
    FH_minos_38 0.000000000000000
   FH_migrad_39 0.000000000000000 -17041.495360660090228
FH_fh_migrad_39 0.292499989271164 0.000000000000000 0.000000000000000 0.000000000000000
FH_afb_migrad_39 -0.088334760982047 0.000000000000000 0.000000000000000 0.000000000000000
    FH_hesse_39 0.000000000000000
 FH_fh_hesse_39 0.292499989271164 0.000000000000000 0.000000000000000 0.000000000000000
FH_afb_hesse_39 -0.088334760982047 0.000000000000000 0.000000000000000 0.000000000000000
    FH_minos_39 0.000000000000000
 AFB_migrad_181 0.000000000000000 -17044.702900091655465
AFB_fh_migrad_181 0.190075264154282 0.000000000000000 0.000000000000000 0.000000000000000
AFB_afb_migrad_181 -0.094999998807907 0.000000000000000 0.000000000000000 0.000000000000000
  AFB_hesse_181 0.000000000000000
AFB_fh_hesse_181 0.190075264154282 0.000000000000000 0.000000000000000 0.000000000000000
AFB_afb_hesse_181 -0.094999998807907 0.000000000000000 0.000000000000000 0.000000000000000
  AFB_minos_181 6.000000000000000
 AFB_migrad_182 0.000000000000000 -17045.012727866273053
AFB_fh_migrad_182 0.180007721512144 0.000000000000000 0.000000000000000 0.000000000000000
AFB_afb_migrad_182 -0.090000003576279 0.000000000000000 0.000000000000000 0.000000000000000
  AFB_hesse_182 0.000000000000000
AFB_fh_hesse_182 0.180007721512144 0.000000000000000 0.000000000000000 0.000000000000000
AFB_afb_hesse_182 -0.090000003576279 0.000000000000000 0.000000000000000 0.000000000000000
  AFB_minos_182 6.000000000000000
 AFB_migrad_183 0.000000000000000 -17045.308425688876014
AFB_fh_migrad_183 0.170066905888726 0.000000000000000 0.000000000000000 0.000000000000000
AFB_afb_migrad_183 -0.085000000894070 0.000000000000000 0.000000000000000 0.000000000000000
  AFB_hesse_183 0.000000000000000
AFB_fh_hesse_183 0.170066905888726 0.000000000000000 0.000000000000000 0.000000000000000
AFB_afb_hesse_183 -0.085000000894070 0.000000000000000 0.000000000000000 0.000000000000000
  AFB_minos_183 6.000000000000000
 AFB_migrad_184 0.000000000000000 -17045.592152093333425
AFB_fh_migrad_184 0.160179893822986 0.000000000000000 0.000000000000000 0.000000000000000
AFB_afb_migrad_184 -0.079999998211861 0.000000000000000 0.000000000000000 0.000000000000000
  AFB_hesse_184 0.000000000000000
AFB_fh_hesse_184 0.160179893822986 0.000000000000000 0.000000000000000 0.000000000000000
AFB_afb_hesse_184 -0.079999998211861 0.000000000000000 0.000000000000000 0.000000000000000
  AFB_minos_184 6.000000000000000
 AFB_migrad_185 0.000000000000000 -17045.867202659275790
AFB_fh_migrad_185 0.150230261187572 0.000000000000000 0.000000000000000 0.000000000000000
AFB_afb_migrad_185 -0.075000002980232 0.000000000000000 0.000000000000000 0.000000000000000
  AFB_hesse_185 0.000000000000000
AFB_fh_hesse_185 0.150230261187572 0.000000000000000 0.000000000000000 0.000000000000000
AFB_afb_hesse_185 -0.075000002980232 0.000000000000000 0.000000000000000 0.000000000000000
  AFB_minos_185 6.000000000000000
 AFB_migrad_186 0.000000000000000 -17046.131734796261298
AFB_fh_migrad_186 0.140280432492272 0.000000000000000 0.000000000000000 0.000000000000000
AFB_afb_migrad_186 -0.070000000298023 0.000000000000000 0.000000000000000 0.000000000000000
  AFB_hesse_186 0.000000000000000
AFB_fh_hesse_186 0.140280432492272 0.000000000000000 0.000000000000000 0.000000000000000
AFB_afb_hesse_186 -0.070000000298023 0.000000000000000 0.000000000000000 0.000000000000000
  AFB_minos_186 6.000000000000000
 AFB_migrad_187 0.000000000000000 -17046.385690729926864
AFB_fh_migrad_187 0.130330841324574 0.000000000000000 0.000000000000000 0.000000000000000
AFB_afb_migrad_187 -0.064999997615814 0.000000000000000 0.000000000000000 0.000000000000000
  AFB_hesse_187 0.000000000000000
AFB_fh_hesse_187 0.130330841324574 0.000000000000000 0.000000000000000 0.000000000000000
AFB_afb_hesse_187 -0.064999997615814 0.000000000000000 0.000000000000000 0.000000000000000
  AFB_minos_187 6.000000000000000
 AFB_migrad_188 0.000000000000000 -17046.629027184393635
AFB_fh_migrad_188 0.120381291754706 0.000000000000000 0.000000000000000 0.000000000000000
AFB_afb_migrad_188 -0.059999998658895 0.000000000000000 0.000000000000000 0.000000000000000
  AFB_hesse_188 0.000000000000000
AFB_fh_hesse_188 0.120381291754706 0.000000000000000 0.000000000000000 0.000000000000000
AFB_afb_hesse_188 -0.059999998658895 0.000000000000000 0.000000000000000 0.000000000000000
  AFB_minos_188 6.000000000000000
 AFB_migrad_189 0.000000000000000 -17046.861691799760592
AFB_fh_migrad_189 0.110431785997976 0.000000000000000 0.000000000000000 0.000000000000000
AFB_afb_migrad_189 -0.054999999701977 0.000000000000000 0.000000000000000 0.000000000000000
  AFB_hesse_189 0.000000000000000
AFB_fh_hesse_189 0.110431785997976 0.000000000000000 0.000000000000000 0.000000000000000
AFB_afb_hesse_189 -0.054999999701977 0.000000000000000 0.000000000000000 0.000000000000000
  AFB_minos_189 6.000000000000000
 AFB_migrad_190 0.000000000000000 -17047.096482991004450
AFB_fh_migrad_190 0.100001430715202 0.000000000000000 0.000000000000000 0.000000000000000
AFB_afb_migrad_190 -0.050000000745058 0.000000000000000 0.000000000000000 0.000000000000000
  AFB_hesse_190 0.000000000000000
AFB_fh_hesse_190 0.100001430715202 0.000000000000000 0.000000000000000 0.000000000000000
AFB_afb_hesse_190 -0.050000000745058 0.000000000000000 0.000000000000000 0.000000000000000
  AFB_minos_190 6.000000000000000
 AFB_migrad_191 0.000000000000000 -17047.307537213833712
AFB_fh_migrad_191 0.090050010471007 0.000000000000000 0.000000000000000 0.000000000000000
AFB_afb_migrad_191 -0.045000001788139 0.000000000000000 0.000000000000000 0.000000000000000
  AFB_hesse_191 0.000000000000000
AFB_fh_hesse_191 0.090050010471007 0.000000000000000 0.000000000000000 0.000000000000000
AFB_afb_hesse_191 -0.045000001788139 0.000000000000000 0.000000000000000 0.000000000000000
  AFB_minos_191 6.000000000000000
 AFB_migrad_192 0.000000000000000 -17047.464079188594042
AFB_fh_migrad_192 0.081768691344237 0.000000000000000 0.000000000000000 0.000000000000000
AFB_afb_migrad_192 -0.039999999105930 0.000000000000000 0.000000000000000 0.000000000000000
  AFB_hesse_192 0.000000000000000
AFB_fh_hesse_192 0.081768691344237 0.000000000000000 0.000000000000000 0.000000000000000
AFB_afb_hesse_192 -0.039999999105930 0.000000000000000 0.000000000000000 0.000000000000000
  AFB_minos_192 6.000000000000000
 AFB_migrad_193 0.000000000000000 -17047.656939589138346
AFB_fh_migrad_193 0.071699038689744 0.000000000000000 0.000000000000000 0.000000000000000
AFB_afb_migrad_193 -0.035000000149012 0.000000000000000 0.000000000000000 0.000000000000000
  AFB_hesse_193 0.000000000000000
AFB_fh_hesse_193 0.071699038689744 0.000000000000000 0.000000000000000 0.000000000000000
AFB_afb_hesse_193 -0.035000000149012 0.000000000000000 0.000000000000000 0.000000000000000
  AFB_minos_193 6.000000000000000
 AFB_migrad_194 0.000000000000000 -17047.838929769797687
AFB_fh_migrad_194 0.061621716339091 0.000000000000000 0.000000000000000 0.000000000000000
AFB_afb_migrad_194 -0.029999999329448 0.000000000000000 0.000000000000000 0.000000000000000
  AFB_hesse_194 0.000000000000000
AFB_fh_hesse_194 0.061621716339091 0.000000000000000 0.000000000000000 0.000000000000000
AFB_afb_hesse_194 -0.029999999329448 0.000000000000000 0.000000000000000 0.000000000000000
  AFB_minos_194 6.000000000000000
 AFB_migrad_195 0.000000000000000 -17048.009957329424651
AFB_fh_migrad_195 0.051537069937086 0.000000000000000 0.000000000000000 0.000000000000000
AFB_afb_migrad_195 -0.025000000372529 0.000000000000000 0.000000000000000 0.000000000000000
  AFB_hesse_195 0.000000000000000
AFB_fh_hesse_195 0.051537069937086 0.000000000000000 0.000000000000000 0.000000000000000
AFB_afb_hesse_195 -0.025000000372529 0.000000000000000 0.000000000000000 0.000000000000000
  AFB_minos_195 6.000000000000000
 AFB_migrad_196 0.000000000000000 -17048.204516586607497
AFB_fh_migrad_196 0.040053763342177 0.000000000000000 0.000000000000000 0.000000000000000
AFB_afb_migrad_196 -0.019999999552965 0.000000000000000 0.000000000000000 0.000000000000000
  AFB_hesse_196 0.000000000000000
AFB_fh_hesse_196 0.040053763342177 0.000000000000000 0.000000000000000 0.000000000000000
AFB_afb_hesse_196 -0.019999999552965 0.000000000000000 0.000000000000000 0.000000000000000
  AFB_minos_196 6.000000000000000
 AFB_migrad_197 0.000000000000000 -17048.340855855927657
AFB_fh_migrad_197 0.030441242324703 0.000000000000000 0.000000000000000 0.000000000000000
AFB_afb_migrad_197 -0.014999999664724 0.000000000000000 0.000000000000000 0.000000000000000
  AFB_hesse_197 0.000000000000000
AFB_fh_hesse_197 0.030441242324703 0.000000000000000 0.000000000000000 0.000000000000000
AFB_afb_hesse_197 -0.014999999664724 0.000000000000000 0.000000000000000 0.000000000000000
  AFB_minos_197 6.000000000000000
 AFB_migrad_198 0.000000000000000 -17048.456188161420869
AFB_fh_migrad_198 0.021243661327588 0.000000000000000 0.000000000000000 0.000000000000000
AFB_afb_migrad_198 -0.009999999776483 0.000000000000000 0.000000000000000 0.000000000000000
  AFB_hesse_198 0.000000000000000
AFB_fh_hesse_198 0.021243661327588 0.000000000000000 0.000000000000000 0.000000000000000
AFB_afb_hesse_198 -0.009999999776483 0.000000000000000 0.000000000000000 0.000000000000000
  AFB_minos_198 6.000000000000000
 AFB_migrad_199 0.000000000000000 -17048.607088460044906
AFB_fh_migrad_199 0.010091613663978 0.000000000000000 0.000000000000000 0.000000000000000
AFB_afb_migrad_199 -0.004999999888241 0.000000000000000 0.000000000000000 0.000000000000000
  AFB_hesse_199 0.000000000000000
AFB_fh_hesse_199 0.010091613663978 0.000000000000000 0.000000000000000 0.000000000000000
AFB_afb_hesse_199 -0.004999999888241 0.000000000000000 0.000000000000000 0.000000000000000
  AFB_minos_199 6.000000000000000
 AFB_migrad_200 0.000000000000000 -17048.720828257377434
AFB_fh_migrad_200 0.000000000913111 0.000000000000000 0.000000000000000 0.000000000000000
AFB_afb_migrad_200 0.000000000000000 0.000000000000000 0.000000000000000 0.000000000000000
  AFB_hesse_200 0.000000000000000
AFB_fh_hesse_200 0.000000000913111 0.000000000000000 0.000000000000000 0.000000000000000
AFB_afb_hesse_200 0.000000000000000 0.000000000000000 0.000000000000000 0.000000000000000
  AFB_minos_200 0.000000000000000
 AFB_migrad_201 0.000000000000000 -17048.348714432882844
AFB_fh_migrad_201 0.010045179863855 0.000000000000000 0.000000000000000 0.000000000000000
AFB_afb_migrad_201 0.004999999888241 0.000000000000000 0.000000000000000 0.000000000000000
  AFB_hesse_201 0.000000000000000
AFB_fh_hesse_201 0.010045179863855 0.000000000000000 0.000000000000000 0.000000000000000
AFB_afb_hesse_201 0.004999999888241 0.000000000000000 0.000000000000000 0.000000000000000
  AFB_minos_201 6.000000000000000
 AFB_migrad_202 0.000000000000000 -17047.942318031164177
AFB_fh_migrad_202 0.020961847758908 0.000000000000000 0.000000000000000 0.000000000000000
AFB_afb_migrad_202 0.009999999776483 0.000000000000000 0.000000000000000 0.000000000000000
  AFB_hesse_202 0.000000000000000
AFB_fh_hesse_202 0.020961847758908 0.000000000000000 0.000000000000000 0.000000000000000
AFB_afb_hesse_202 0.009999999776483 0.000000000000000 0.000000000000000 0.000000000000000
  AFB_minos_202 6.000000000000000
 AFB_migrad_203 0.000000000000000 -17047.565770062374213
AFB_fh_migrad_203 0.030123902213546 0.000000000000000 0.000000000000000 0.000000000000000
AFB_afb_migrad_203 0.014999999664724 0.000000000000000 0.000000000000000 0.000000000000000
  AFB_hesse_203 0.000000000000000
AFB_fh_hesse_203 0.030123902213546 0.000000000000000 0.000000000000000 0.000000000000000
AFB_afb_hesse_203 0.014999999664724 0.000000000000000 0.000000000000000 0.000000000000000
  AFB_minos_203 6.000000000000000
 AFB_migrad_204 0.000000000000000 -17047.159024981403491
AFB_fh_migrad_204 0.040008227343738 0.000000000000000 0.000000000000000 0.000000000000000
AFB_afb_migrad_204 0.019999999552965 0.000000000000000 0.000000000000000 0.000000000000000
  AFB_hesse_204 0.000000000000000
AFB_fh_hesse_204 0.040008227343738 0.000000000000000 0.000000000000000 0.000000000000000
AFB_afb_hesse_204 0.019999999552965 0.000000000000000 0.000000000000000 0.000000000000000
  AFB_minos_204 6.000000000000000
 AFB_migrad_205 0.000000000000000 -17046.703874965343857
AFB_fh_migrad_205 0.051301102966870 0.000000000000000 0.000000000000000 0.000000000000000
AFB_afb_migrad_205 0.025000000372529 0.000000000000000 0.000000000000000 0.000000000000000
  AFB_hesse_205 0.000000000000000
AFB_fh_hesse_205 0.051301102966870 0.000000000000000 0.000000000000000 0.000000000000000
AFB_afb_hesse_205 0.025000000372529 0.000000000000000 0.000000000000000 0.000000000000000
  AFB_minos_205 6.000000000000000
 AFB_migrad_206 0.000000000000000 -17046.266223413655098
AFB_fh_migrad_206 0.061400464140742 0.000000000000000 0.000000000000000 0.000000000000000
AFB_afb_migrad_206 0.029999999329448 0.000000000000000 0.000000000000000 0.000000000000000
  AFB_hesse_206 0.000000000000000
AFB_fh_hesse_206 0.061400464140742 0.000000000000000 0.000000000000000 0.000000000000000
AFB_afb_hesse_206 0.029999999329448 0.000000000000000 0.000000000000000 0.000000000000000
  AFB_minos_206 6.000000000000000
 AFB_migrad_207 0.000000000000000 -17045.816399833824107
AFB_fh_migrad_207 0.071492111592049 0.000000000000000 0.000000000000000 0.000000000000000
AFB_afb_migrad_207 0.035000000149012 0.000000000000000 0.000000000000000 0.000000000000000
  AFB_hesse_207 0.000000000000000
AFB_fh_hesse_207 0.071492111592049 0.000000000000000 0.000000000000000 0.000000000000000
AFB_afb_hesse_207 0.035000000149012 0.000000000000000 0.000000000000000 0.000000000000000
  AFB_minos_207 6.000000000000000
 AFB_migrad_208 0.000000000000000 -17045.354529747273773
AFB_fh_migrad_208 0.081575670279861 0.000000000000000 0.000000000000000 0.000000000000000
AFB_afb_migrad_208 0.039999999105930 0.000000000000000 0.000000000000000 0.000000000000000
  AFB_hesse_208 0.000000000000000
AFB_fh_hesse_208 0.081575670279861 0.000000000000000 0.000000000000000 0.000000000000000
AFB_afb_hesse_208 0.039999999105930 0.000000000000000 0.000000000000000 0.000000000000000
  AFB_minos_208 6.000000000000000
 AFB_migrad_209 0.000000000000000 -17044.915531162459956
AFB_fh_migrad_209 0.090363595658407 0.000000000000000 0.000000000000000 0.000000000000000
AFB_afb_migrad_209 0.045000001788139 0.000000000000000 0.000000000000000 0.000000000000000
  AFB_hesse_209 0.000000000000000
AFB_fh_hesse_209 0.090363595658407 0.000000000000000 0.000000000000000 0.000000000000000
AFB_afb_hesse_209 0.045000001788139 0.000000000000000 0.000000000000000 0.000000000000000
  AFB_minos_209 6.000000000000000
 AFB_migrad_210 0.000000000000000 -17044.433172321052552
AFB_fh_migrad_210 0.100328418277636 0.000000000000000 0.000000000000000 0.000000000000000
AFB_afb_migrad_210 0.050000000745058 0.000000000000000 0.000000000000000 0.000000000000000
  AFB_hesse_210 0.000000000000000
AFB_fh_hesse_210 0.100328418277636 0.000000000000000 0.000000000000000 0.000000000000000
AFB_afb_hesse_210 0.050000000745058 0.000000000000000 0.000000000000000 0.000000000000000
  AFB_minos_210 6.000000000000000
 AFB_migrad_211 0.000000000000000 -17043.938916963634256
AFB_fh_migrad_211 0.110293283393109 0.000000000000000 0.000000000000000 0.000000000000000
AFB_afb_migrad_211 0.054999999701977 0.000000000000000 0.000000000000000 0.000000000000000
  AFB_hesse_211 0.000000000000000
AFB_fh_hesse_211 0.110293283393109 0.000000000000000 0.000000000000000 0.000000000000000
AFB_afb_hesse_211 0.054999999701977 0.000000000000000 0.000000000000000 0.000000000000000
  AFB_minos_211 6.000000000000000
 AFB_migrad_212 0.000000000000000 -17043.432843440805300
AFB_fh_migrad_212 0.120258174709761 0.000000000000000 0.000000000000000 0.000000000000000
AFB_afb_migrad_212 0.059999998658895 0.000000000000000 0.000000000000000 0.000000000000000
  AFB_hesse_212 0.000000000000000
AFB_fh_hesse_212 0.120258174709761 0.000000000000000 0.000000000000000 0.000000000000000
AFB_afb_hesse_212 0.059999998658895 0.000000000000000 0.000000000000000 0.000000000000000
  AFB_minos_212 6.000000000000000
 AFB_migrad_213 0.000000000000000 -17042.915023688750807
AFB_fh_migrad_213 0.130223098679363 0.000000000000000 0.000000000000000 0.000000000000000
AFB_afb_migrad_213 0.064999997615814 0.000000000000000 0.000000000000000 0.000000000000000
  AFB_hesse_213 0.000000000000000
AFB_fh_hesse_213 0.130223098679363 0.000000000000000 0.000000000000000 0.000000000000000
AFB_afb_hesse_213 0.064999997615814 0.000000000000000 0.000000000000000 0.000000000000000
  AFB_minos_213 6.000000000000000
 AFB_migrad_214 0.000000000000000 -17042.385524163757509
AFB_fh_migrad_214 0.140188061847951 0.000000000000000 0.000000000000000 0.000000000000000
AFB_afb_migrad_214 0.070000000298023 0.000000000000000 0.000000000000000 0.000000000000000
  AFB_hesse_214 0.000000000000000
AFB_fh_hesse_214 0.140188061847951 0.000000000000000 0.000000000000000 0.000000000000000
AFB_afb_hesse_214 0.070000000298023 0.000000000000000 0.000000000000000 0.000000000000000
  AFB_minos_214 6.000000000000000
 AFB_migrad_215 0.000000000000000 -17041.844400976242468
AFB_fh_migrad_215 0.150153271885247 0.000000000000000 0.000000000000000 0.000000000000000
AFB_afb_migrad_215 0.075000002980232 0.000000000000000 0.000000000000000 0.000000000000000
  AFB_hesse_215 0.000000000000000
AFB_fh_hesse_215 0.150153271885247 0.000000000000000 0.000000000000000 0.000000000000000
AFB_afb_hesse_215 0.075000002980232 0.000000000000000 0.000000000000000 0.000000000000000
  AFB_minos_215 6.000000000000000
 AFB_migrad_216 0.000000000000000 -17041.293529598362511
AFB_fh_migrad_216 0.160057074469400 0.000000000000000 0.000000000000000 0.000000000000000
AFB_afb_migrad_216 0.079999998211861 0.000000000000000 0.000000000000000 0.000000000000000
  AFB_hesse_216 0.000000000000000
AFB_fh_hesse_216 0.160057074469400 0.000000000000000 0.000000000000000 0.000000000000000
AFB_afb_hesse_216 0.079999998211861 0.000000000000000 0.000000000000000 0.000000000000000
  AFB_minos_216 6.000000000000000
 AFB_migrad_217 0.000000000000000 -17040.729540663993248
AFB_fh_migrad_217 0.170014716596301 0.000000000000000 0.000000000000000 0.000000000000000
AFB_afb_migrad_217 0.085000000894070 0.000000000000000 0.000000000000000 0.000000000000000
  AFB_hesse_217 0.000000000000000
AFB_fh_hesse_217 0.170014716596301 0.000000000000000 0.000000000000000 0.000000000000000
AFB_afb_hesse_217 0.085000000894070 0.000000000000000 0.000000000000000 0.000000000000000
  AFB_minos_217 6.000000000000000
 AFB_migrad_218 0.000000000000000 -17040.152380609826650
AFB_fh_migrad_218 0.180032581761562 0.000000000000000 0.000000000000000 0.000000000000000
AFB_afb_migrad_218 0.090000003576279 0.000000000000000 0.000000000000000 0.000000000000000
  AFB_hesse_218 0.000000000000000
AFB_fh_hesse_218 0.180032581761562 0.000000000000000 0.000000000000000 0.000000000000000
AFB_afb_hesse_218 0.090000003576279 0.000000000000000 0.000000000000000 0.000000000000000
  AFB_minos_218 6.000000000000000
 AFB_migrad_219 0.000000000000000 -17039.564512278771872
AFB_fh_migrad_219 0.190024687568406 0.000000000000000 0.000000000000000 0.000000000000000
AFB_afb_migrad_219 0.094999998807907 0.000000000000000 0.000000000000000 0.000000000000000
  AFB_hesse_219 0.000000000000000
AFB_fh_hesse_219 0.190024687568406 0.000000000000000 0.000000000000000 0.000000000000000
AFB_afb_hesse_219 0.094999998807907 0.000000000000000 0.000000000000000 0.000000000000000
  AFB_minos_219    6.000000000000000
