         CARD:
              
    FH_migrad_8 0.000000000000000 -9746.761885013420397
 FH_fh_migrad_8 0.425000011920929 0.000000000000000 0.000000000000000 0.000000000000000
FH_afb_migrad_8 -0.040330216624258 0.000000000000000 0.000000000000000 0.000000000000000
     FH_hesse_8 0.000000000000000
  FH_fh_hesse_8 0.425000011920929 0.000000000000000 0.000000000000000 0.000000000000000
 FH_afb_hesse_8 -0.040330216624258 0.000000000000000 0.000000000000000 0.000000000000000
     FH_minos_8 0.000000000000000
    FH_migrad_9 0.000000000000000 -9746.916145159664666
 FH_fh_migrad_9 0.474999994039536 0.000000000000000 0.000000000000000 0.000000000000000
FH_afb_migrad_9 -0.040797193586540 0.000000000000000 0.000000000000000 0.000000000000000
     FH_hesse_9 0.000000000000000
  FH_fh_hesse_9 0.474999994039536 0.000000000000000 0.000000000000000 0.000000000000000
 FH_afb_hesse_9 -0.040797193586540 0.000000000000000 0.000000000000000 0.000000000000000
     FH_minos_9 0.000000000000000
   FH_migrad_10 0.000000000000000 -9747.053937900605888
FH_fh_migrad_10 0.524999976158142 0.000000000000000 0.000000000000000 0.000000000000000
FH_afb_migrad_10 -0.041253577492033 0.000000000000000 0.000000000000000 0.000000000000000
    FH_hesse_10 0.000000000000000
 FH_fh_hesse_10 0.524999976158142 0.000000000000000 0.000000000000000 0.000000000000000
FH_afb_hesse_10 -0.041253577492033 0.000000000000000 0.000000000000000 0.000000000000000
    FH_minos_10 0.000000000000000
   FH_migrad_11 0.000000000000000 -9747.174531856431713
FH_fh_migrad_11 0.574999988079071 0.000000000000000 0.000000000000000 0.000000000000000
FH_afb_migrad_11 -0.041700402646655 0.000000000000000 0.000000000000000 0.000000000000000
    FH_hesse_11 0.000000000000000
 FH_fh_hesse_11 0.574999988079071 0.000000000000000 0.000000000000000 0.000000000000000
FH_afb_hesse_11 -0.041700402646655 0.000000000000000 0.000000000000000 0.000000000000000
    FH_minos_11 0.000000000000000
   FH_migrad_12 0.000000000000000 -9747.277154427800269
FH_fh_migrad_12 0.625000000000000 0.000000000000000 0.000000000000000 0.000000000000000
FH_afb_migrad_12 -0.042138663608863 0.000000000000000 0.000000000000000 0.000000000000000
    FH_hesse_12 0.000000000000000
 FH_fh_hesse_12 0.625000000000000 0.000000000000000 0.000000000000000 0.000000000000000
FH_afb_hesse_12 -0.042138663608863 0.000000000000000 0.000000000000000 0.000000000000000
    FH_minos_12 0.000000000000000
   FH_migrad_13 0.000000000000000 -9747.360989845092263
FH_fh_migrad_13 0.675000011920929 0.000000000000000 0.000000000000000 0.000000000000000
FH_afb_migrad_13 -0.042569323132647 0.000000000000000 0.000000000000000 0.000000000000000
    FH_hesse_13 0.000000000000000
 FH_fh_hesse_13 0.675000011920929 0.000000000000000 0.000000000000000 0.000000000000000
FH_afb_hesse_13 -0.042569323132647 0.000000000000000 0.000000000000000 0.000000000000000
    FH_minos_13 0.000000000000000
   FH_migrad_14 0.000000000000000 -9747.425176799823021
FH_fh_migrad_14 0.725000023841858 0.000000000000000 0.000000000000000 0.000000000000000
FH_afb_migrad_14 -0.042993319297254 0.000000000000000 0.000000000000000 0.000000000000000
    FH_hesse_14 0.000000000000000
 FH_fh_hesse_14 0.725000023841858 0.000000000000000 0.000000000000000 0.000000000000000
FH_afb_hesse_14 -0.042993319297254 0.000000000000000 0.000000000000000 0.000000000000000
    FH_minos_14 0.000000000000000
   FH_migrad_15 0.000000000000000 -9747.468806039165429
FH_fh_migrad_15 0.774999976158142 0.000000000000000 0.000000000000000 0.000000000000000
FH_afb_migrad_15 -0.043411572339031 0.000000000000000 0.000000000000000 0.000000000000000
    FH_hesse_15 0.000000000000000
 FH_fh_hesse_15 0.774999976158142 0.000000000000000 0.000000000000000 0.000000000000000
FH_afb_hesse_15 -0.043411572339031 0.000000000000000 0.000000000000000 0.000000000000000
    FH_minos_15 0.000000000000000
   FH_migrad_16 0.000000000000000 -9747.490918105668243
FH_fh_migrad_16 0.824999988079071 0.000000000000000 0.000000000000000 0.000000000000000
FH_afb_migrad_16 -0.043824994326470 0.000000000000000 0.000000000000000 0.000000000000000
    FH_hesse_16 0.000000000000000
 FH_fh_hesse_16 0.824999988079071 0.000000000000000 0.000000000000000 0.000000000000000
FH_afb_hesse_16 -0.043824994326470 0.000000000000000 0.000000000000000 0.000000000000000
    FH_minos_16 0.000000000000000
   FH_migrad_17 0.000000000000000 -9747.490500511425125
FH_fh_migrad_17 0.875000000000000 0.000000000000000 0.000000000000000 0.000000000000000
FH_afb_migrad_17 -0.044234494007309 0.000000000000000 0.000000000000000 0.000000000000000
    FH_hesse_17 0.000000000000000
 FH_fh_hesse_17 0.875000000000000 0.000000000000000 0.000000000000000 0.000000000000000
FH_afb_hesse_17 -0.044234494007309 0.000000000000000 0.000000000000000 0.000000000000000
    FH_minos_17 0.000000000000000
   FH_migrad_18 0.000000000000000 -9747.466485405877393
FH_fh_migrad_18 0.925000011920929 0.000000000000000 0.000000000000000 0.000000000000000
FH_afb_migrad_18 -0.044640987060661 0.000000000000000 0.000000000000000 0.000000000000000
    FH_hesse_18 0.000000000000000
 FH_fh_hesse_18 0.925000011920929 0.000000000000000 0.000000000000000 0.000000000000000
FH_afb_hesse_18 -0.044640987060661 0.000000000000000 0.000000000000000 0.000000000000000
    FH_minos_18 0.000000000000000
   FH_migrad_19 0.000000000000000 -9747.417746863553475
FH_fh_migrad_19 0.975000023841858 0.000000000000000 0.000000000000000 0.000000000000000
FH_afb_migrad_19 -0.045074986988497 0.000000000000000 0.000000000000000 0.000000000000000
    FH_hesse_19 0.000000000000000
 FH_fh_hesse_19 0.975000023841858 0.000000000000000 0.000000000000000 0.000000000000000
FH_afb_hesse_19 -0.045074986988497 0.000000000000000 0.000000000000000 0.000000000000000
    FH_minos_19 0.000000000000000
   FH_migrad_20 0.000000000000000 -9747.343098450084653
FH_fh_migrad_20 1.024999976158142 0.000000000000000 0.000000000000000 0.000000000000000
FH_afb_migrad_20 -0.045482192962227 0.000000000000000 0.000000000000000 0.000000000000000
    FH_hesse_20 0.000000000000000
 FH_fh_hesse_20 1.024999976158142 0.000000000000000 0.000000000000000 0.000000000000000
FH_afb_hesse_20 -0.045482192962227 0.000000000000000 0.000000000000000 0.000000000000000
    FH_minos_20 0.000000000000000
   FH_migrad_21 0.000000000000000 -9747.241290288715390
FH_fh_migrad_21 1.075000047683716 0.000000000000000 0.000000000000000 0.000000000000000
FH_afb_migrad_21 -0.045875728500362 0.000000000000000 0.000000000000000 0.000000000000000
    FH_hesse_21 0.000000000000000
 FH_fh_hesse_21 1.075000047683716 0.000000000000000 0.000000000000000 0.000000000000000
FH_afb_hesse_21 -0.045875728500362 0.000000000000000 0.000000000000000 0.000000000000000
    FH_minos_21 0.000000000000000
   FH_migrad_22 0.000000000000000 -9747.111007146930206
FH_fh_migrad_22 1.125000000000000 0.000000000000000 0.000000000000000 0.000000000000000
FH_afb_migrad_22 -0.046284160535493 0.000000000000000 0.000000000000000 0.000000000000000
    FH_hesse_22 0.000000000000000
 FH_fh_hesse_22 1.125000000000000 0.000000000000000 0.000000000000000 0.000000000000000
FH_afb_hesse_22 -0.046284160535493 0.000000000000000 0.000000000000000 0.000000000000000
    FH_minos_22 0.000000000000000
   FH_migrad_23 0.000000000000000 -9746.950865132392209
FH_fh_migrad_23 1.174999952316284 0.000000000000000 0.000000000000000 0.000000000000000
FH_afb_migrad_23 -0.046696100439026 0.000000000000000 0.000000000000000 0.000000000000000
    FH_hesse_23 0.000000000000000
 FH_fh_hesse_23 1.174999952316284 0.000000000000000 0.000000000000000 0.000000000000000
FH_afb_hesse_23 -0.046696100439026 0.000000000000000 0.000000000000000 0.000000000000000
    FH_minos_23 0.000000000000000
   FH_migrad_24 0.000000000000000 -9746.759410625689270
FH_fh_migrad_24 1.225000023841858 0.000000000000000 0.000000000000000 0.000000000000000
FH_afb_migrad_24 -0.047063567956155 0.000000000000000 0.000000000000000 0.000000000000000
    FH_hesse_24 0.000000000000000
 FH_fh_hesse_24 1.225000023841858 0.000000000000000 0.000000000000000 0.000000000000000
FH_afb_hesse_24 -0.047063567956155 0.000000000000000 0.000000000000000 0.000000000000000
    FH_minos_24 0.000000000000000
   FH_migrad_25 0.000000000000000 -9746.535117084980811
FH_fh_migrad_25 1.274999976158142 0.000000000000000 0.000000000000000 0.000000000000000
FH_afb_migrad_25 -0.047476781043561 0.000000000000000 0.000000000000000 0.000000000000000
    FH_hesse_25 0.000000000000000
 FH_fh_hesse_25 1.274999976158142 0.000000000000000 0.000000000000000 0.000000000000000
FH_afb_hesse_25 -0.047476781043561 0.000000000000000 0.000000000000000 0.000000000000000
    FH_minos_25 0.000000000000000
   FH_migrad_26 0.000000000000000 -9746.276383692171294
FH_fh_migrad_26 1.325000047683716 0.000000000000000 0.000000000000000 0.000000000000000
FH_afb_migrad_26 -0.047895686952695 0.000000000000000 0.000000000000000 0.000000000000000
    FH_hesse_26 0.000000000000000
 FH_fh_hesse_26 1.325000047683716 0.000000000000000 0.000000000000000 0.000000000000000
FH_afb_hesse_26 -0.047895686952695 0.000000000000000 0.000000000000000 0.000000000000000
    FH_minos_26 0.000000000000000
   FH_migrad_27 0.000000000000000 -9745.981536579785825
FH_fh_migrad_27 1.375000000000000 0.000000000000000 0.000000000000000 0.000000000000000
FH_afb_migrad_27 -0.048321750796229 0.000000000000000 0.000000000000000 0.000000000000000
    FH_hesse_27 0.000000000000000
 FH_fh_hesse_27 1.375000000000000 0.000000000000000 0.000000000000000 0.000000000000000
FH_afb_hesse_27 -0.048321750796229 0.000000000000000 0.000000000000000 0.000000000000000
    FH_minos_27 0.000000000000000
  AFB_migrad_53 0.000000000000000 -9746.393876456206272
AFB_fh_migrad_53 0.847951462031568 0.000000000000000 0.000000000000000 0.000000000000000
AFB_afb_migrad_53 -0.197500005364418 0.000000000000000 0.000000000000000 0.000000000000000
   AFB_hesse_53 0.000000000000000
AFB_fh_hesse_53 0.847951462031568 0.000000000000000 0.000000000000000 0.000000000000000
AFB_afb_hesse_53 -0.197500005364418 0.000000000000000 0.000000000000000 0.000000000000000
   AFB_minos_53 0.000000000000000
  AFB_migrad_54 0.000000000000000 -9746.597902054261795
AFB_fh_migrad_54 0.849208904598515 0.000000000000000 0.000000000000000 0.000000000000000
AFB_afb_migrad_54 -0.182500004768372 0.000000000000000 0.000000000000000 0.000000000000000
   AFB_hesse_54 0.000000000000000
AFB_fh_hesse_54 0.849208904598515 0.000000000000000 0.000000000000000 0.000000000000000
AFB_afb_hesse_54 -0.182500004768372 0.000000000000000 0.000000000000000 0.000000000000000
   AFB_minos_54 0.000000000000000
  AFB_migrad_55 0.000000000000000 -9746.781169889734883
AFB_fh_migrad_55 0.850220549095101 0.000000000000000 0.000000000000000 0.000000000000000
AFB_afb_migrad_55 -0.167500004172325 0.000000000000000 0.000000000000000 0.000000000000000
   AFB_hesse_55 0.000000000000000
AFB_fh_hesse_55 0.850220549095101 0.000000000000000 0.000000000000000 0.000000000000000
AFB_afb_hesse_55 -0.167500004172325 0.000000000000000 0.000000000000000 0.000000000000000
   AFB_minos_55 0.000000000000000
  AFB_migrad_56 0.000000000000000 -9746.943613722560258
AFB_fh_migrad_56 0.850982265101041 0.000000000000000 0.000000000000000 0.000000000000000
AFB_afb_migrad_56 -0.152500003576279 0.000000000000000 0.000000000000000 0.000000000000000
   AFB_hesse_56 0.000000000000000
AFB_fh_hesse_56 0.850982265101041 0.000000000000000 0.000000000000000 0.000000000000000
AFB_afb_hesse_56 -0.152500003576279 0.000000000000000 0.000000000000000 0.000000000000000
   AFB_minos_56 0.000000000000000
  AFB_migrad_57 0.000000000000000 -9747.085172476452499
AFB_fh_migrad_57 0.851489990194958 0.000000000000000 0.000000000000000 0.000000000000000
AFB_afb_migrad_57 -0.137500002980232 0.000000000000000 0.000000000000000 0.000000000000000
   AFB_hesse_57 0.000000000000000
AFB_fh_hesse_57 0.851489990194958 0.000000000000000 0.000000000000000 0.000000000000000
AFB_afb_hesse_57 -0.137500002980232 0.000000000000000 0.000000000000000 0.000000000000000
   AFB_minos_57 0.000000000000000
  AFB_migrad_58 0.000000000000000 -9747.205789749530595
AFB_fh_migrad_58 0.851739832030547 0.000000000000000 0.000000000000000 0.000000000000000
AFB_afb_migrad_58 -0.122500002384186 0.000000000000000 0.000000000000000 0.000000000000000
   AFB_hesse_58 0.000000000000000
AFB_fh_hesse_58 0.851739832030547 0.000000000000000 0.000000000000000 0.000000000000000
AFB_afb_hesse_58 -0.122500002384186 0.000000000000000 0.000000000000000 0.000000000000000
   AFB_minos_58 0.000000000000000
  AFB_migrad_59 0.000000000000000 -9747.305417070421754
AFB_fh_migrad_59 0.851798951745702 0.000000000000000 0.000000000000000 0.000000000000000
AFB_afb_migrad_59 -0.107500001788139 0.000000000000000 0.000000000000000 0.000000000000000
   AFB_hesse_59 0.000000000000000
AFB_fh_hesse_59 0.851798951745702 0.000000000000000 0.000000000000000 0.000000000000000
AFB_afb_hesse_59 -0.107500001788139 0.000000000000000 0.000000000000000 0.000000000000000
   AFB_minos_59 0.000000000000000
  AFB_migrad_60 0.000000000000000 -9747.383998473005704
AFB_fh_migrad_60 0.851503741121492 0.000000000000000 0.000000000000000 0.000000000000000
AFB_afb_migrad_60 -0.092500001192093 0.000000000000000 0.000000000000000 0.000000000000000
   AFB_hesse_60 0.000000000000000
AFB_fh_hesse_60 0.851503741121492 0.000000000000000 0.000000000000000 0.000000000000000
AFB_afb_hesse_60 -0.092500001192093 0.000000000000000 0.000000000000000 0.000000000000000
   AFB_minos_60 0.000000000000000
  AFB_migrad_61 0.000000000000000 -9747.441493029400590
AFB_fh_migrad_61 0.850942440489778 0.000000000000000 0.000000000000000 0.000000000000000
AFB_afb_migrad_61 -0.077500000596046 0.000000000000000 0.000000000000000 0.000000000000000
   AFB_hesse_61 0.000000000000000
AFB_fh_hesse_61 0.850942440489778 0.000000000000000 0.000000000000000 0.000000000000000
AFB_afb_hesse_61 -0.077500000596046 0.000000000000000 0.000000000000000 0.000000000000000
   AFB_minos_61 0.000000000000000
  AFB_migrad_62 0.000000000000000 -9747.477859031561820
AFB_fh_migrad_62 0.850112622675347 0.000000000000000 0.000000000000000 0.000000000000000
AFB_afb_migrad_62 -0.062500000000000 0.000000000000000 0.000000000000000 0.000000000000000
   AFB_hesse_62 0.000000000000000
AFB_fh_hesse_62 0.850112622675347 0.000000000000000 0.000000000000000 0.000000000000000
AFB_afb_hesse_62 -0.062500000000000 0.000000000000000 0.000000000000000 0.000000000000000
   AFB_minos_62 0.000000000000000
  AFB_migrad_63 0.000000000000000 -9747.493057604522619
AFB_fh_migrad_63 0.849012329439511 0.000000000000000 0.000000000000000 0.000000000000000
AFB_afb_migrad_63 -0.047499999403954 0.000000000000000 0.000000000000000 0.000000000000000
   AFB_hesse_63 0.000000000000000
AFB_fh_hesse_63 0.849012329439511 0.000000000000000 0.000000000000000 0.000000000000000
AFB_afb_hesse_63 -0.047499999403954 0.000000000000000 0.000000000000000 0.000000000000000
   AFB_minos_63 0.000000000000000
  AFB_migrad_64 0.000000000000000 -9747.487052424236026
AFB_fh_migrad_64 0.847640141096459 0.000000000000000 0.000000000000000 0.000000000000000
AFB_afb_migrad_64 -0.032499998807907 0.000000000000000 0.000000000000000 0.000000000000000
   AFB_hesse_64 0.000000000000000
AFB_fh_hesse_64 0.847640141096459 0.000000000000000 0.000000000000000 0.000000000000000
AFB_afb_hesse_64 -0.032499998807907 0.000000000000000 0.000000000000000 0.000000000000000
   AFB_minos_64 0.000000000000000
  AFB_migrad_65 0.000000000000000 -9747.459809460038741
AFB_fh_migrad_65 0.845995220336504 0.000000000000000 0.000000000000000 0.000000000000000
AFB_afb_migrad_65 -0.017500000074506 0.000000000000000 0.000000000000000 0.000000000000000
   AFB_hesse_65 0.000000000000000
AFB_fh_hesse_65 0.845995220336504 0.000000000000000 0.000000000000000 0.000000000000000
AFB_afb_hesse_65 -0.017500000074506 0.000000000000000 0.000000000000000 0.000000000000000
   AFB_minos_65 0.000000000000000
  AFB_migrad_66 0.000000000000000 -9747.411296714642958
AFB_fh_migrad_66 0.844077361488739 0.000000000000000 0.000000000000000 0.000000000000000
AFB_afb_migrad_66 -0.002499999944121 0.000000000000000 0.000000000000000 0.000000000000000
   AFB_hesse_66 0.000000000000000
AFB_fh_hesse_66 0.844077361488739 0.000000000000000 0.000000000000000 0.000000000000000
AFB_afb_hesse_66 -0.002499999944121 0.000000000000000 0.000000000000000 0.000000000000000
   AFB_minos_66 0.000000000000000
  AFB_migrad_67 0.000000000000000 -9747.341484009697524
AFB_fh_migrad_67 0.841887033563071 0.000000000000000 0.000000000000000 0.000000000000000
AFB_afb_migrad_67 0.012500000186265 0.000000000000000 0.000000000000000 0.000000000000000
   AFB_hesse_67 0.000000000000000
AFB_fh_hesse_67 0.841887033563071 0.000000000000000 0.000000000000000 0.000000000000000
AFB_afb_hesse_67 0.012500000186265 0.000000000000000 0.000000000000000 0.000000000000000
   AFB_minos_67 0.000000000000000
  AFB_migrad_68 0.000000000000000 -9747.250342764380548
AFB_fh_migrad_68 0.839425398581428 0.000000000000000 0.000000000000000 0.000000000000000
AFB_afb_migrad_68 0.027499999850988 0.000000000000000 0.000000000000000 0.000000000000000
   AFB_hesse_68 0.000000000000000
AFB_fh_hesse_68 0.839425398581428 0.000000000000000 0.000000000000000 0.000000000000000
AFB_afb_hesse_68 0.027499999850988 0.000000000000000 0.000000000000000 0.000000000000000
   AFB_minos_68 0.000000000000000
  AFB_migrad_69 0.000000000000000 -9747.137845777237089
AFB_fh_migrad_69 0.836694346870706 0.000000000000000 0.000000000000000 0.000000000000000
AFB_afb_migrad_69 0.042500000447035 0.000000000000000 0.000000000000000 0.000000000000000
   AFB_hesse_69 0.000000000000000
AFB_fh_hesse_69 0.836694346870706 0.000000000000000 0.000000000000000 0.000000000000000
AFB_afb_hesse_69 0.042500000447035 0.000000000000000 0.000000000000000 0.000000000000000
   AFB_minos_69 0.000000000000000
  AFB_migrad_70 0.000000000000000 -9747.003967062628362
AFB_fh_migrad_70 0.833696510296646 0.000000000000000 0.000000000000000 0.000000000000000
AFB_afb_migrad_70 0.057500001043081 0.000000000000000 0.000000000000000 0.000000000000000
   AFB_hesse_70 0.000000000000000
AFB_fh_hesse_70 0.833696510296646 0.000000000000000 0.000000000000000 0.000000000000000
AFB_afb_hesse_70 0.057500001043081 0.000000000000000 0.000000000000000 0.000000000000000
   AFB_minos_70 0.000000000000000
  AFB_migrad_71 0.000000000000000 -9746.848681695159030
AFB_fh_migrad_71 0.830435278579358 0.000000000000000 0.000000000000000 0.000000000000000
AFB_afb_migrad_71 0.072499997913837 0.000000000000000 0.000000000000000 0.000000000000000
   AFB_hesse_71 0.000000000000000
AFB_fh_hesse_71 0.830435278579358 0.000000000000000 0.000000000000000 0.000000000000000
AFB_afb_hesse_71 0.072499997913837 0.000000000000000 0.000000000000000 0.000000000000000
   AFB_minos_71 0.000000000000000
  AFB_migrad_72 0.000000000000000 -9746.671965492547315
AFB_fh_migrad_72 0.826914806096838 0.000000000000000 0.000000000000000 0.000000000000000
AFB_afb_migrad_72 0.087499998509884 0.000000000000000 0.000000000000000 0.000000000000000
   AFB_hesse_72 0.000000000000000
AFB_fh_hesse_72 0.826914806096838 0.000000000000000 0.000000000000000 0.000000000000000
AFB_afb_hesse_72 0.087499998509884 0.000000000000000 0.000000000000000 0.000000000000000
   AFB_minos_72    0.000000000000000
