         CARD:
              
    FH_migrad_1 0.000000000000000 -58257.391309293510858
 FH_fh_migrad_1 0.004999999888241 0.000000000000000 0.000000000000000 0.000000000000000
FH_afb_migrad_1 0.002483521562764 0.000000000000000 0.000000000000000 0.000000000000000
     FH_hesse_1 0.000000000000000
  FH_fh_hesse_1 0.004999999888241 0.000000000000000 0.000000000000000 0.000000000000000
 FH_afb_hesse_1 0.002483521562764 0.000000000000000 0.000000000000000 0.000000000000000
     FH_minos_1 6.000000000000000
    FH_migrad_2 0.000000000000000 -58257.299757868349843
 FH_fh_migrad_2 0.009999999776483 0.000000000000000 0.000000000000000 0.000000000000000
FH_afb_migrad_2 0.004730914067362 0.000000000000000 0.000000000000000 0.000000000000000
     FH_hesse_2 0.000000000000000
  FH_fh_hesse_2 0.009999999776483 0.000000000000000 0.000000000000000 0.000000000000000
 FH_afb_hesse_2 0.004730914067362 0.000000000000000 0.000000000000000 0.000000000000000
     FH_minos_2 6.000000000000000
    FH_migrad_3 0.000000000000000 -58257.189422516421473
 FH_fh_migrad_3 0.014999999664724 0.000000000000000 0.000000000000000 0.000000000000000
FH_afb_migrad_3 0.007166189649729 0.000000000000000 0.000000000000000 0.000000000000000
     FH_hesse_3 0.000000000000000
  FH_fh_hesse_3 0.014999999664724 0.000000000000000 0.000000000000000 0.000000000000000
 FH_afb_hesse_3 0.007166189649729 0.000000000000000 0.000000000000000 0.000000000000000
     FH_minos_3 6.000000000000000
    FH_migrad_4 0.000000000000000 -58257.057517413144524
 FH_fh_migrad_4 0.019999999552965 0.000000000000000 0.000000000000000 0.000000000000000
FH_afb_migrad_4 0.009701458214430 0.000000000000000 0.000000000000000 0.000000000000000
     FH_hesse_4 0.000000000000000
  FH_fh_hesse_4 0.019999999552965 0.000000000000000 0.000000000000000 0.000000000000000
 FH_afb_hesse_4 0.009701458214430 0.000000000000000 0.000000000000000 0.000000000000000
     FH_minos_4 6.000000000000000
    FH_migrad_5 0.000000000000000 -58256.905783166403126
 FH_fh_migrad_5 0.025000000372529 0.000000000000000 0.000000000000000 0.000000000000000
FH_afb_migrad_5 0.010374730860374 0.000000000000000 0.000000000000000 0.000000000000000
     FH_hesse_5 0.000000000000000
  FH_fh_hesse_5 0.025000000372529 0.000000000000000 0.000000000000000 0.000000000000000
 FH_afb_hesse_5 0.010374730860374 0.000000000000000 0.000000000000000 0.000000000000000
     FH_minos_5 6.000000000000000
    FH_migrad_6 0.000000000000000 -58256.746177477543824
 FH_fh_migrad_6 0.029999999329448 0.000000000000000 0.000000000000000 0.000000000000000
FH_afb_migrad_6 0.010289255409809 0.000000000000000 0.000000000000000 0.000000000000000
     FH_hesse_6 0.000000000000000
  FH_fh_hesse_6 0.029999999329448 0.000000000000000 0.000000000000000 0.000000000000000
 FH_afb_hesse_6 0.010289255409809 0.000000000000000 0.000000000000000 0.000000000000000
     FH_minos_6 6.000000000000000
    FH_migrad_7 0.000000000000000 -58256.580166091960564
 FH_fh_migrad_7 0.035000000149012 0.000000000000000 0.000000000000000 0.000000000000000
FH_afb_migrad_7 0.010000598023787 0.000000000000000 0.000000000000000 0.000000000000000
     FH_hesse_7 0.000000000000000
  FH_fh_hesse_7 0.035000000149012 0.000000000000000 0.000000000000000 0.000000000000000
 FH_afb_hesse_7 0.010000598023787 0.000000000000000 0.000000000000000 0.000000000000000
     FH_minos_7 6.000000000000000
    FH_migrad_8 0.000000000000000 -58256.407802450317831
 FH_fh_migrad_8 0.039999999105930 0.000000000000000 0.000000000000000 0.000000000000000
FH_afb_migrad_8 0.009713225515056 0.000000000000000 0.000000000000000 0.000000000000000
     FH_hesse_8 0.000000000000000
  FH_fh_hesse_8 0.039999999105930 0.000000000000000 0.000000000000000 0.000000000000000
 FH_afb_hesse_8 0.009713225515056 0.000000000000000 0.000000000000000 0.000000000000000
     FH_minos_8 6.000000000000000
    FH_migrad_9 0.000000000000000 -58256.229142706542916
 FH_fh_migrad_9 0.045000001788139 0.000000000000000 0.000000000000000 0.000000000000000
FH_afb_migrad_9 0.009427109256796 0.000000000000000 0.000000000000000 0.000000000000000
     FH_hesse_9 0.000000000000000
  FH_fh_hesse_9 0.045000001788139 0.000000000000000 0.000000000000000 0.000000000000000
 FH_afb_hesse_9 0.009427109256796 0.000000000000000 0.000000000000000 0.000000000000000
     FH_minos_9 6.000000000000000
   FH_migrad_10 0.000000000000000 -58256.044241744020837
FH_fh_migrad_10 0.050000000745058 0.000000000000000 0.000000000000000 0.000000000000000
FH_afb_migrad_10 0.009142222102853 0.000000000000000 0.000000000000000 0.000000000000000
    FH_hesse_10 0.000000000000000
 FH_fh_hesse_10 0.050000000745058 0.000000000000000 0.000000000000000 0.000000000000000
FH_afb_hesse_10 0.009142222102853 0.000000000000000 0.000000000000000 0.000000000000000
    FH_minos_10 6.000000000000000
   FH_migrad_11 0.000000000000000 -58255.853152399409737
FH_fh_migrad_11 0.054999999701977 0.000000000000000 0.000000000000000 0.000000000000000
FH_afb_migrad_11 0.008858542305394 0.000000000000000 0.000000000000000 0.000000000000000
    FH_hesse_11 0.000000000000000
 FH_fh_hesse_11 0.054999999701977 0.000000000000000 0.000000000000000 0.000000000000000
FH_afb_hesse_11 0.008858542305394 0.000000000000000 0.000000000000000 0.000000000000000
    FH_minos_11 6.000000000000000
   FH_migrad_12 0.000000000000000 -58255.655926070336136
FH_fh_migrad_12 0.059999998658895 0.000000000000000 0.000000000000000 0.000000000000000
FH_afb_migrad_12 0.008576045560294 0.000000000000000 0.000000000000000 0.000000000000000
    FH_hesse_12 0.000000000000000
 FH_fh_hesse_12 0.059999998658895 0.000000000000000 0.000000000000000 0.000000000000000
FH_afb_hesse_12 0.008576045560294 0.000000000000000 0.000000000000000 0.000000000000000
    FH_minos_12 6.000000000000000
   FH_migrad_13 0.000000000000000 -58255.452612657099962
FH_fh_migrad_13 0.064999997615814 0.000000000000000 0.000000000000000 0.000000000000000
FH_afb_migrad_13 0.008294710678454 0.000000000000000 0.000000000000000 0.000000000000000
    FH_hesse_13 0.000000000000000
 FH_fh_hesse_13 0.064999997615814 0.000000000000000 0.000000000000000 0.000000000000000
FH_afb_hesse_13 0.008294710678454 0.000000000000000 0.000000000000000 0.000000000000000
    FH_minos_13 0.000000000000000
   FH_migrad_14 0.000000000000000 -58255.243260473303962
FH_fh_migrad_14 0.070000000298023 0.000000000000000 0.000000000000000 0.000000000000000
FH_afb_migrad_14 0.008014517668055 0.000000000000000 0.000000000000000 0.000000000000000
    FH_hesse_14 0.000000000000000
 FH_fh_hesse_14 0.070000000298023 0.000000000000000 0.000000000000000 0.000000000000000
FH_afb_hesse_14 0.008014517668055 0.000000000000000 0.000000000000000 0.000000000000000
    FH_minos_14 0.000000000000000
   FH_migrad_15 0.000000000000000 -58255.027916776081838
FH_fh_migrad_15 0.075000002980232 0.000000000000000 0.000000000000000 0.000000000000000
FH_afb_migrad_15 0.007735448225497 0.000000000000000 0.000000000000000 0.000000000000000
    FH_hesse_15 0.000000000000000
 FH_fh_hesse_15 0.075000002980232 0.000000000000000 0.000000000000000 0.000000000000000
FH_afb_hesse_15 0.007735448225497 0.000000000000000 0.000000000000000 0.000000000000000
    FH_minos_15 0.000000000000000
   FH_migrad_16 0.000000000000000 -58254.806627703634149
FH_fh_migrad_16 0.079999998211861 0.000000000000000 0.000000000000000 0.000000000000000
FH_afb_migrad_16 0.007457485392409 0.000000000000000 0.000000000000000 0.000000000000000
    FH_hesse_16 0.000000000000000
 FH_fh_hesse_16 0.079999998211861 0.000000000000000 0.000000000000000 0.000000000000000
FH_afb_hesse_16 0.007457485392409 0.000000000000000 0.000000000000000 0.000000000000000
    FH_minos_16 0.000000000000000
   FH_migrad_17 0.000000000000000 -58254.579437153413892
FH_fh_migrad_17 0.085000000894070 0.000000000000000 0.000000000000000 0.000000000000000
FH_afb_migrad_17 0.007180612163255 0.000000000000000 0.000000000000000 0.000000000000000
    FH_hesse_17 0.000000000000000
 FH_fh_hesse_17 0.085000000894070 0.000000000000000 0.000000000000000 0.000000000000000
FH_afb_hesse_17 0.007180612163255 0.000000000000000 0.000000000000000 0.000000000000000
    FH_minos_17 0.000000000000000
   FH_migrad_18 0.000000000000000 -58254.346388813894009
FH_fh_migrad_18 0.090000003576279 0.000000000000000 0.000000000000000 0.000000000000000
FH_afb_migrad_18 0.006904813559445 0.000000000000000 0.000000000000000 0.000000000000000
    FH_hesse_18 0.000000000000000
 FH_fh_hesse_18 0.090000003576279 0.000000000000000 0.000000000000000 0.000000000000000
FH_afb_hesse_18 0.006904813559445 0.000000000000000 0.000000000000000 0.000000000000000
    FH_minos_18 0.000000000000000
   FH_migrad_19 0.000000000000000 -58254.107525264807919
FH_fh_migrad_19 0.094999998807907 0.000000000000000 0.000000000000000 0.000000000000000
FH_afb_migrad_19 0.006630075585957 0.000000000000000 0.000000000000000 0.000000000000000
    FH_hesse_19 0.000000000000000
 FH_fh_hesse_19 0.094999998807907 0.000000000000000 0.000000000000000 0.000000000000000
FH_afb_hesse_19 0.006630075585957 0.000000000000000 0.000000000000000 0.000000000000000
    FH_minos_19 0.000000000000000
   FH_migrad_20 0.000000000000000 -58253.862886917238939
FH_fh_migrad_20 0.100000001490116 0.000000000000000 0.000000000000000 0.000000000000000
FH_afb_migrad_20 0.006356383837831 0.000000000000000 0.000000000000000 0.000000000000000
    FH_hesse_20 0.000000000000000
 FH_fh_hesse_20 0.100000001490116 0.000000000000000 0.000000000000000 0.000000000000000
FH_afb_hesse_20 0.006356383837831 0.000000000000000 0.000000000000000 0.000000000000000
    FH_minos_20 0.000000000000000
   FH_migrad_21 0.000000000000000 -58253.612514571250358
FH_fh_migrad_21 0.104999996721745 0.000000000000000 0.000000000000000 0.000000000000000
FH_afb_migrad_21 0.006083726307123 0.000000000000000 0.000000000000000 0.000000000000000
    FH_hesse_21 0.000000000000000
 FH_fh_hesse_21 0.104999996721745 0.000000000000000 0.000000000000000 0.000000000000000
FH_afb_hesse_21 0.006083726307123 0.000000000000000 0.000000000000000 0.000000000000000
    FH_minos_21 0.000000000000000
   FH_migrad_22 0.000000000000000 -58253.356446541904006
FH_fh_migrad_22 0.109999999403954 0.000000000000000 0.000000000000000 0.000000000000000
FH_afb_migrad_22 0.005812090047487 0.000000000000000 0.000000000000000 0.000000000000000
    FH_hesse_22 0.000000000000000
 FH_fh_hesse_22 0.109999999403954 0.000000000000000 0.000000000000000 0.000000000000000
FH_afb_hesse_22 0.005812090047487 0.000000000000000 0.000000000000000 0.000000000000000
    FH_minos_22 0.000000000000000
   FH_migrad_23 0.000000000000000 -58253.094721289176960
FH_fh_migrad_23 0.115000002086163 0.000000000000000 0.000000000000000 0.000000000000000
FH_afb_migrad_23 0.005541463982080 0.000000000000000 0.000000000000000 0.000000000000000
    FH_hesse_23 0.000000000000000
 FH_fh_hesse_23 0.115000002086163 0.000000000000000 0.000000000000000 0.000000000000000
FH_afb_hesse_23 0.005541463982080 0.000000000000000 0.000000000000000 0.000000000000000
    FH_minos_23 0.000000000000000
   FH_migrad_24 0.000000000000000 -58252.827376374269079
FH_fh_migrad_24 0.119999997317791 0.000000000000000 0.000000000000000 0.000000000000000
FH_afb_migrad_24 0.005271837619615 0.000000000000000 0.000000000000000 0.000000000000000
    FH_hesse_24 0.000000000000000
 FH_fh_hesse_24 0.119999997317791 0.000000000000000 0.000000000000000 0.000000000000000
FH_afb_hesse_24 0.005271837619615 0.000000000000000 0.000000000000000 0.000000000000000
    FH_minos_24 0.000000000000000
   FH_migrad_25 0.000000000000000 -58252.554447262133181
FH_fh_migrad_25 0.125000000000000 0.000000000000000 0.000000000000000 0.000000000000000
FH_afb_migrad_25 0.005003199809406 0.000000000000000 0.000000000000000 0.000000000000000
    FH_hesse_25 0.000000000000000
 FH_fh_hesse_25 0.125000000000000 0.000000000000000 0.000000000000000 0.000000000000000
FH_afb_hesse_25 0.005003199809406 0.000000000000000 0.000000000000000 0.000000000000000
    FH_minos_25 0.000000000000000
   FH_migrad_26 0.000000000000000 -58252.275970164628234
FH_fh_migrad_26 0.129999995231628 0.000000000000000 0.000000000000000 0.000000000000000
FH_afb_migrad_26 0.004735541517216 0.000000000000000 0.000000000000000 0.000000000000000
    FH_hesse_26 0.000000000000000
 FH_fh_hesse_26 0.129999995231628 0.000000000000000 0.000000000000000 0.000000000000000
FH_afb_hesse_26 0.004735541517216 0.000000000000000 0.000000000000000 0.000000000000000
    FH_minos_26 0.000000000000000
   FH_migrad_27 0.000000000000000 -58251.991978391844896
FH_fh_migrad_27 0.135000005364418 0.000000000000000 0.000000000000000 0.000000000000000
FH_afb_migrad_27 0.004468852179548 0.000000000000000 0.000000000000000 0.000000000000000
    FH_hesse_27 0.000000000000000
 FH_fh_hesse_27 0.135000005364418 0.000000000000000 0.000000000000000 0.000000000000000
FH_afb_hesse_27 0.004468852179548 0.000000000000000 0.000000000000000 0.000000000000000
    FH_minos_27 0.000000000000000
   FH_migrad_28 0.000000000000000 -58251.702507402929768
FH_fh_migrad_28 0.140000000596046 0.000000000000000 0.000000000000000 0.000000000000000
FH_afb_migrad_28 0.004203124455424 0.000000000000000 0.000000000000000 0.000000000000000
    FH_hesse_28 0.000000000000000
 FH_fh_hesse_28 0.140000000596046 0.000000000000000 0.000000000000000 0.000000000000000
FH_afb_hesse_28 0.004203124455424 0.000000000000000 0.000000000000000 0.000000000000000
    FH_minos_28 0.000000000000000
   FH_migrad_29 0.000000000000000 -58251.407589354108495
FH_fh_migrad_29 0.144999995827675 0.000000000000000 0.000000000000000 0.000000000000000
FH_afb_migrad_29 0.003938349023875 0.000000000000000 0.000000000000000 0.000000000000000
    FH_hesse_29 0.000000000000000
 FH_fh_hesse_29 0.144999995827675 0.000000000000000 0.000000000000000 0.000000000000000
FH_afb_hesse_29 0.003938349023875 0.000000000000000 0.000000000000000 0.000000000000000
    FH_minos_29 0.000000000000000
   FH_migrad_30 0.000000000000000 -58251.107255592025467
FH_fh_migrad_30 0.150000005960464 0.000000000000000 0.000000000000000 0.000000000000000
FH_afb_migrad_30 0.003674516947250 0.000000000000000 0.000000000000000 0.000000000000000
    FH_hesse_30 0.000000000000000
 FH_fh_hesse_30 0.150000005960464 0.000000000000000 0.000000000000000 0.000000000000000
FH_afb_hesse_30 0.003674516947250 0.000000000000000 0.000000000000000 0.000000000000000
    FH_minos_30 0.000000000000000
   FH_migrad_31 0.000000000000000 -58250.801539438180043
FH_fh_migrad_31 0.155000001192093 0.000000000000000 0.000000000000000 0.000000000000000
FH_afb_migrad_31 0.003411622001156 0.000000000000000 0.000000000000000 0.000000000000000
    FH_hesse_31 0.000000000000000
 FH_fh_hesse_31 0.155000001192093 0.000000000000000 0.000000000000000 0.000000000000000
FH_afb_hesse_31 0.003411622001156 0.000000000000000 0.000000000000000 0.000000000000000
    FH_minos_31 0.000000000000000
   FH_migrad_32 0.000000000000000 -58250.490470843134972
FH_fh_migrad_32 0.159999996423721 0.000000000000000 0.000000000000000 0.000000000000000
FH_afb_migrad_32 0.003149655923912 0.000000000000000 0.000000000000000 0.000000000000000
    FH_hesse_32 0.000000000000000
 FH_fh_hesse_32 0.159999996423721 0.000000000000000 0.000000000000000 0.000000000000000
FH_afb_hesse_32 0.003149655923912 0.000000000000000 0.000000000000000 0.000000000000000
    FH_minos_32 0.000000000000000
   FH_migrad_33 0.000000000000000 -58250.174079023709055
FH_fh_migrad_33 0.165000006556511 0.000000000000000 0.000000000000000 0.000000000000000
FH_afb_migrad_33 0.002888610770851 0.000000000000000 0.000000000000000 0.000000000000000
    FH_hesse_33 0.000000000000000
 FH_fh_hesse_33 0.165000006556511 0.000000000000000 0.000000000000000 0.000000000000000
FH_afb_hesse_33 0.002888610770851 0.000000000000000 0.000000000000000 0.000000000000000
    FH_minos_33 0.000000000000000
   FH_migrad_34 0.000000000000000 -58249.852395386013086
FH_fh_migrad_34 0.170000001788139 0.000000000000000 0.000000000000000 0.000000000000000
FH_afb_migrad_34 0.002628481215766 0.000000000000000 0.000000000000000 0.000000000000000
    FH_hesse_34 0.000000000000000
 FH_fh_hesse_34 0.170000001788139 0.000000000000000 0.000000000000000 0.000000000000000
FH_afb_hesse_34 0.002628481215766 0.000000000000000 0.000000000000000 0.000000000000000
    FH_minos_34 0.000000000000000
   FH_migrad_35 0.000000000000000 -58249.525447889333009
FH_fh_migrad_35 0.174999997019768 0.000000000000000 0.000000000000000 0.000000000000000
FH_afb_migrad_35 0.002369259858956 0.000000000000000 0.000000000000000 0.000000000000000
    FH_hesse_35 0.000000000000000
 FH_fh_hesse_35 0.174999997019768 0.000000000000000 0.000000000000000 0.000000000000000
FH_afb_hesse_35 0.002369259858956 0.000000000000000 0.000000000000000 0.000000000000000
    FH_minos_35 0.000000000000000
   FH_migrad_36 0.000000000000000 -58249.193263824876340
FH_fh_migrad_36 0.180000007152557 0.000000000000000 0.000000000000000 0.000000000000000
FH_afb_migrad_36 0.002110939564538 0.000000000000000 0.000000000000000 0.000000000000000
    FH_hesse_36 0.000000000000000
 FH_fh_hesse_36 0.180000007152557 0.000000000000000 0.000000000000000 0.000000000000000
FH_afb_hesse_36 0.002110939564538 0.000000000000000 0.000000000000000 0.000000000000000
    FH_minos_36 0.000000000000000
   FH_migrad_37 0.000000000000000 -58248.855872875967179
FH_fh_migrad_37 0.185000002384186 0.000000000000000 0.000000000000000 0.000000000000000
FH_afb_migrad_37 0.001853515737645 0.000000000000000 0.000000000000000 0.000000000000000
    FH_hesse_37 0.000000000000000
 FH_fh_hesse_37 0.185000002384186 0.000000000000000 0.000000000000000 0.000000000000000
FH_afb_hesse_37 0.001853515737645 0.000000000000000 0.000000000000000 0.000000000000000
    FH_minos_37 0.000000000000000
   FH_migrad_38 0.000000000000000 -58248.513301196784596
FH_fh_migrad_38 0.189999997615814 0.000000000000000 0.000000000000000 0.000000000000000
FH_afb_migrad_38 0.001596981689917 0.000000000000000 0.000000000000000 0.000000000000000
    FH_hesse_38 0.000000000000000
 FH_fh_hesse_38 0.189999997615814 0.000000000000000 0.000000000000000 0.000000000000000
FH_afb_hesse_38 0.001596981689917 0.000000000000000 0.000000000000000 0.000000000000000
    FH_minos_38 0.000000000000000
   FH_migrad_39 0.000000000000000 -58248.165575374783657
FH_fh_migrad_39 0.194999992847443 0.000000000000000 0.000000000000000 0.000000000000000
FH_afb_migrad_39 0.001341331710623 0.000000000000000 0.000000000000000 0.000000000000000
    FH_hesse_39 0.000000000000000
 FH_fh_hesse_39 0.194999992847443 0.000000000000000 0.000000000000000 0.000000000000000
FH_afb_hesse_39 0.001341331710623 0.000000000000000 0.000000000000000 0.000000000000000
    FH_minos_39 0.000000000000000
 AFB_migrad_180 0.000000000000000 -58239.309632797077938
AFB_fh_migrad_180 0.202322527677088 0.000000000000000 0.000000000000000 0.000000000000000
AFB_afb_migrad_180 -0.100000001490116 0.000000000000000 0.000000000000000 0.000000000000000
  AFB_hesse_180 0.000000000000000
AFB_fh_hesse_180 0.202322527677088 0.000000000000000 0.000000000000000 0.000000000000000
AFB_afb_hesse_180 -0.100000001490116 0.000000000000000 0.000000000000000 0.000000000000000
  AFB_minos_180 6.000000000000000
 AFB_migrad_181 0.000000000000000 -58240.793720256042434
AFB_fh_migrad_181 0.190094740272921 0.000000000000000 0.000000000000000 0.000000000000000
AFB_afb_migrad_181 -0.094999998807907 0.000000000000000 0.000000000000000 0.000000000000000
  AFB_hesse_181 0.000000000000000
AFB_fh_hesse_181 0.190094740272921 0.000000000000000 0.000000000000000 0.000000000000000
AFB_afb_hesse_181 -0.094999998807907 0.000000000000000 0.000000000000000 0.000000000000000
  AFB_minos_181 6.000000000000000
 AFB_migrad_182 0.000000000000000 -58241.857931493956130
AFB_fh_migrad_182 0.185069464883517 0.000000000000000 0.000000000000000 0.000000000000000
AFB_afb_migrad_182 -0.090000003576279 0.000000000000000 0.000000000000000 0.000000000000000
  AFB_hesse_182 0.000000000000000
AFB_fh_hesse_182 0.185069464883517 0.000000000000000 0.000000000000000 0.000000000000000
AFB_afb_hesse_182 -0.090000003576279 0.000000000000000 0.000000000000000 0.000000000000000
  AFB_minos_182 6.000000000000000
 AFB_migrad_183 0.000000000000000 -58243.138965491933050
AFB_fh_migrad_183 0.175076043599405 0.000000000000000 0.000000000000000 0.000000000000000
AFB_afb_migrad_183 -0.085000000894070 0.000000000000000 0.000000000000000 0.000000000000000
  AFB_hesse_183 0.000000000000000
AFB_fh_hesse_183 0.175076043599405 0.000000000000000 0.000000000000000 0.000000000000000
AFB_afb_hesse_183 -0.085000000894070 0.000000000000000 0.000000000000000 0.000000000000000
  AFB_minos_183 6.000000000000000
 AFB_migrad_184 0.000000000000000 -58244.374523446451349
AFB_fh_migrad_184 0.165081080015753 0.000000000000000 0.000000000000000 0.000000000000000
AFB_afb_migrad_184 -0.079999998211861 0.000000000000000 0.000000000000000 0.000000000000000
  AFB_hesse_184 0.000000000000000
AFB_fh_hesse_184 0.165081080015753 0.000000000000000 0.000000000000000 0.000000000000000
AFB_afb_hesse_184 -0.079999998211861 0.000000000000000 0.000000000000000 0.000000000000000
  AFB_minos_184 6.000000000000000
 AFB_migrad_185 0.000000000000000 -58245.564016897624242
AFB_fh_migrad_185 0.155084328968890 0.000000000000000 0.000000000000000 0.000000000000000
AFB_afb_migrad_185 -0.075000002980232 0.000000000000000 0.000000000000000 0.000000000000000
  AFB_hesse_185 0.000000000000000
AFB_fh_hesse_185 0.155084328968890 0.000000000000000 0.000000000000000 0.000000000000000
AFB_afb_hesse_185 -0.075000002980232 0.000000000000000 0.000000000000000 0.000000000000000
  AFB_minos_185 6.000000000000000
 AFB_migrad_186 0.000000000000000 -58246.706830318944412
AFB_fh_migrad_186 0.145085487961953 0.000000000000000 0.000000000000000 0.000000000000000
AFB_afb_migrad_186 -0.070000000298023 0.000000000000000 0.000000000000000 0.000000000000000
  AFB_hesse_186 0.000000000000000
AFB_fh_hesse_186 0.145085487961953 0.000000000000000 0.000000000000000 0.000000000000000
AFB_afb_hesse_186 -0.070000000298023 0.000000000000000 0.000000000000000 0.000000000000000
  AFB_minos_186 6.000000000000000
 AFB_migrad_187 0.000000000000000 -58248.027341656983481
AFB_fh_migrad_187 0.130078937663862 0.000000000000000 0.000000000000000 0.000000000000000
AFB_afb_migrad_187 -0.064999997615814 0.000000000000000 0.000000000000000 0.000000000000000
  AFB_hesse_187 0.000000000000000
AFB_fh_hesse_187 0.130078937663862 0.000000000000000 0.000000000000000 0.000000000000000
AFB_afb_hesse_187 -0.064999997615814 0.000000000000000 0.000000000000000 0.000000000000000
  AFB_minos_187 6.000000000000000
 AFB_migrad_188 0.000000000000000 -58249.066944953381608
AFB_fh_migrad_188 0.120096267229605 0.000000000000000 0.000000000000000 0.000000000000000
AFB_afb_migrad_188 -0.059999998658895 0.000000000000000 0.000000000000000 0.000000000000000
  AFB_hesse_188 0.000000000000000
AFB_fh_hesse_188 0.120096267229605 0.000000000000000 0.000000000000000 0.000000000000000
AFB_afb_hesse_188 -0.059999998658895 0.000000000000000 0.000000000000000 0.000000000000000
  AFB_minos_188 6.000000000000000
 AFB_migrad_189 0.000000000000000 -58250.047498277104751
AFB_fh_migrad_189 0.110355878744762 0.000000000000000 0.000000000000000 0.000000000000000
AFB_afb_migrad_189 -0.054999999701977 0.000000000000000 0.000000000000000 0.000000000000000
  AFB_hesse_189 0.000000000000000
AFB_fh_hesse_189 0.110355878744762 0.000000000000000 0.000000000000000 0.000000000000000
AFB_afb_hesse_189 -0.054999999701977 0.000000000000000 0.000000000000000 0.000000000000000
  AFB_minos_189 6.000000000000000
 AFB_migrad_190 0.000000000000000 -58250.970265951589681
AFB_fh_migrad_190 0.100831496803531 0.000000000000000 0.000000000000000 0.000000000000000
AFB_afb_migrad_190 -0.050000000745058 0.000000000000000 0.000000000000000 0.000000000000000
  AFB_hesse_190 0.000000000000000
AFB_fh_hesse_190 0.100831496803531 0.000000000000000 0.000000000000000 0.000000000000000
AFB_afb_hesse_190 -0.050000000745058 0.000000000000000 0.000000000000000 0.000000000000000
  AFB_minos_190 6.000000000000000
 AFB_migrad_191 0.000000000000000 -58251.852307331733755
AFB_fh_migrad_191 0.091086107824756 0.000000000000000 0.000000000000000 0.000000000000000
AFB_afb_migrad_191 -0.045000001788139 0.000000000000000 0.000000000000000 0.000000000000000
  AFB_hesse_191 0.000000000000000
AFB_fh_hesse_191 0.091086107824756 0.000000000000000 0.000000000000000 0.000000000000000
AFB_afb_hesse_191 -0.045000001788139 0.000000000000000 0.000000000000000 0.000000000000000
  AFB_minos_191 6.000000000000000
 AFB_migrad_192 0.000000000000000 -58252.687096829242364
AFB_fh_migrad_192 0.081245972072756 0.000000000000000 0.000000000000000 0.000000000000000
AFB_afb_migrad_192 -0.039999999105930 0.000000000000000 0.000000000000000 0.000000000000000
  AFB_hesse_192 0.000000000000000
AFB_fh_hesse_192 0.081245972072756 0.000000000000000 0.000000000000000 0.000000000000000
AFB_afb_hesse_192 -0.039999999105930 0.000000000000000 0.000000000000000 0.000000000000000
  AFB_minos_192 6.000000000000000
 AFB_migrad_193 0.000000000000000 -58253.478695365847670
AFB_fh_migrad_193 0.071159405359603 0.000000000000000 0.000000000000000 0.000000000000000
AFB_afb_migrad_193 -0.035000000149012 0.000000000000000 0.000000000000000 0.000000000000000
  AFB_hesse_193 0.000000000000000
AFB_fh_hesse_193 0.071159405359603 0.000000000000000 0.000000000000000 0.000000000000000
AFB_afb_hesse_193 -0.035000000149012 0.000000000000000 0.000000000000000 0.000000000000000
  AFB_minos_193 6.000000000000000
 AFB_migrad_194 0.000000000000000 -58254.216169692779658
AFB_fh_migrad_194 0.061082201987810 0.000000000000000 0.000000000000000 0.000000000000000
AFB_afb_migrad_194 -0.029999999329448 0.000000000000000 0.000000000000000 0.000000000000000
  AFB_hesse_194 0.000000000000000
AFB_fh_hesse_194 0.061082201987810 0.000000000000000 0.000000000000000 0.000000000000000
AFB_afb_hesse_194 -0.029999999329448 0.000000000000000 0.000000000000000 0.000000000000000
  AFB_minos_194 6.000000000000000
 AFB_migrad_195 0.000000000000000 -58254.898294244951103
AFB_fh_migrad_195 0.051019032231872 0.000000000000000 0.000000000000000 0.000000000000000
AFB_afb_migrad_195 -0.025000000372529 0.000000000000000 0.000000000000000 0.000000000000000
  AFB_hesse_195 0.000000000000000
AFB_fh_hesse_195 0.051019032231872 0.000000000000000 0.000000000000000 0.000000000000000
AFB_afb_hesse_195 -0.025000000372529 0.000000000000000 0.000000000000000 0.000000000000000
  AFB_minos_195 6.000000000000000
 AFB_migrad_196 0.000000000000000 -58255.525686733875773
AFB_fh_migrad_196 0.040912745947740 0.000000000000000 0.000000000000000 0.000000000000000
AFB_afb_migrad_196 -0.019999999552965 0.000000000000000 0.000000000000000 0.000000000000000
  AFB_hesse_196 0.000000000000000
AFB_fh_hesse_196 0.040912745947740 0.000000000000000 0.000000000000000 0.000000000000000
AFB_afb_hesse_196 -0.019999999552965 0.000000000000000 0.000000000000000 0.000000000000000
  AFB_minos_196 6.000000000000000
 AFB_migrad_197 0.000000000000000 -58256.090891055020620
AFB_fh_migrad_197 0.030967955868226 0.000000000000000 0.000000000000000 0.000000000000000
AFB_afb_migrad_197 -0.014999999664724 0.000000000000000 0.000000000000000 0.000000000000000
  AFB_hesse_197 0.000000000000000
AFB_fh_hesse_197 0.030967955868226 0.000000000000000 0.000000000000000 0.000000000000000
AFB_afb_hesse_197 -0.014999999664724 0.000000000000000 0.000000000000000 0.000000000000000
  AFB_minos_197 6.000000000000000
 AFB_migrad_198 0.000000000000000 -58256.598000749989296
AFB_fh_migrad_198 0.021013430622308 0.000000000000000 0.000000000000000 0.000000000000000
AFB_afb_migrad_198 -0.009999999776483 0.000000000000000 0.000000000000000 0.000000000000000
  AFB_hesse_198 0.000000000000000
AFB_fh_hesse_198 0.021013430622308 0.000000000000000 0.000000000000000 0.000000000000000
AFB_afb_hesse_198 -0.009999999776483 0.000000000000000 0.000000000000000 0.000000000000000
  AFB_minos_198 6.000000000000000
 AFB_migrad_199 0.000000000000000 -58256.982170308037894
AFB_fh_migrad_199 0.013525491373252 0.000000000000000 0.000000000000000 0.000000000000000
AFB_afb_migrad_199 -0.004999999888241 0.000000000000000 0.000000000000000 0.000000000000000
  AFB_hesse_199 0.000000000000000
AFB_fh_hesse_199 0.013525491373252 0.000000000000000 0.000000000000000 0.000000000000000
AFB_afb_hesse_199 -0.004999999888241 0.000000000000000 0.000000000000000 0.000000000000000
  AFB_minos_199 6.000000000000000
 AFB_migrad_200 0.000000000000000 -58257.456126894612680
AFB_fh_migrad_200 0.000000001093431 0.000000000000000 0.000000000000000 0.000000000000000
AFB_afb_migrad_200 0.000000000000000 0.000000000000000 0.000000000000000 0.000000000000000
  AFB_hesse_200 0.000000000000000
AFB_fh_hesse_200 0.000000001093431 0.000000000000000 0.000000000000000 0.000000000000000
AFB_afb_hesse_200 0.000000000000000 0.000000000000000 0.000000000000000 0.000000000000000
  AFB_minos_200 0.000000000000000
 AFB_migrad_201 0.000000000000000 -58257.300927259188029
AFB_fh_migrad_201 0.010090897421163 0.000000000000000 0.000000000000000 0.000000000000000
AFB_afb_migrad_201 0.004999999888241 0.000000000000000 0.000000000000000 0.000000000000000
  AFB_hesse_201 0.000000000000000
AFB_fh_hesse_201 0.010090897421163 0.000000000000000 0.000000000000000 0.000000000000000
AFB_afb_hesse_201 0.004999999888241 0.000000000000000 0.000000000000000 0.000000000000000
  AFB_minos_201 6.000000000000000
 AFB_migrad_202 0.000000000000000 -58256.910650331497891
AFB_fh_migrad_202 0.024832527971343 0.000000000000000 0.000000000000000 0.000000000000000
AFB_afb_migrad_202 0.009999999776483 0.000000000000000 0.000000000000000 0.000000000000000
  AFB_hesse_202 0.000000000000000
AFB_fh_hesse_202 0.024832527971343 0.000000000000000 0.000000000000000 0.000000000000000
AFB_afb_hesse_202 0.009999999776483 0.000000000000000 0.000000000000000 0.000000000000000
  AFB_minos_202 6.000000000000000
 AFB_migrad_203 0.000000000000000 -58256.692791606299579
AFB_fh_migrad_203 0.030977936328295 0.000000000000000 0.000000000000000 0.000000000000000
AFB_afb_migrad_203 0.014999999664724 0.000000000000000 0.000000000000000 0.000000000000000
  AFB_hesse_203 0.000000000000000
AFB_fh_hesse_203 0.030977936328295 0.000000000000000 0.000000000000000 0.000000000000000
AFB_afb_hesse_203 0.014999999664724 0.000000000000000 0.000000000000000 0.000000000000000
  AFB_minos_203 6.000000000000000
 AFB_migrad_204 0.000000000000000 -58256.284155105742684
AFB_fh_migrad_204 0.040674041938591 0.000000000000000 0.000000000000000 0.000000000000000
AFB_afb_migrad_204 0.019999999552965 0.000000000000000 0.000000000000000 0.000000000000000
  AFB_hesse_204 0.000000000000000
AFB_fh_hesse_204 0.040674041938591 0.000000000000000 0.000000000000000 0.000000000000000
AFB_afb_hesse_204 0.019999999552965 0.000000000000000 0.000000000000000 0.000000000000000
  AFB_minos_204 6.000000000000000
 AFB_migrad_205 0.000000000000000 -58255.795968974256539
AFB_fh_migrad_205 0.050397422444257 0.000000000000000 0.000000000000000 0.000000000000000
AFB_afb_migrad_205 0.025000000372529 0.000000000000000 0.000000000000000 0.000000000000000
  AFB_hesse_205 0.000000000000000
AFB_fh_hesse_205 0.050397422444257 0.000000000000000 0.000000000000000 0.000000000000000
AFB_afb_hesse_205 0.025000000372529 0.000000000000000 0.000000000000000 0.000000000000000
  AFB_minos_205 6.000000000000000
 AFB_migrad_206 0.000000000000000 -58255.229752074199496
AFB_fh_migrad_206 0.060176521840921 0.000000000000000 0.000000000000000 0.000000000000000
AFB_afb_migrad_206 0.029999999329448 0.000000000000000 0.000000000000000 0.000000000000000
  AFB_hesse_206 0.000000000000000
AFB_fh_hesse_206 0.060176521840921 0.000000000000000 0.000000000000000 0.000000000000000
AFB_afb_hesse_206 0.029999999329448 0.000000000000000 0.000000000000000 0.000000000000000
  AFB_minos_206 6.000000000000000
 AFB_migrad_207 0.000000000000000 -58254.581610407039989
AFB_fh_migrad_207 0.070148848857270 0.000000000000000 0.000000000000000 0.000000000000000
AFB_afb_migrad_207 0.035000000149012 0.000000000000000 0.000000000000000 0.000000000000000
  AFB_hesse_207 0.000000000000000
AFB_fh_hesse_207 0.070148848857270 0.000000000000000 0.000000000000000 0.000000000000000
AFB_afb_hesse_207 0.035000000149012 0.000000000000000 0.000000000000000 0.000000000000000
  AFB_minos_207 6.000000000000000
 AFB_migrad_208 0.000000000000000 -58253.660455432152958
AFB_fh_migrad_208 0.084368440172652 0.000000000000000 0.000000000000000 0.000000000000000
AFB_afb_migrad_208 0.039999999105930 0.000000000000000 0.000000000000000 0.000000000000000
  AFB_hesse_208 0.000000000000000
AFB_fh_hesse_208 0.084368440172652 0.000000000000000 0.000000000000000 0.000000000000000
AFB_afb_hesse_208 0.039999999105930 0.000000000000000 0.000000000000000 0.000000000000000
  AFB_minos_208 6.000000000000000
 AFB_migrad_209 0.000000000000000 -58252.860780208415235
AFB_fh_migrad_209 0.094333629467357 0.000000000000000 0.000000000000000 0.000000000000000
AFB_afb_migrad_209 0.045000001788139 0.000000000000000 0.000000000000000 0.000000000000000
  AFB_hesse_209 0.000000000000000
AFB_fh_hesse_209 0.094333629467357 0.000000000000000 0.000000000000000 0.000000000000000
AFB_afb_hesse_209 0.045000001788139 0.000000000000000 0.000000000000000 0.000000000000000
  AFB_minos_209 6.000000000000000
 AFB_migrad_210 0.000000000000000 -58251.997399935149588
AFB_fh_migrad_210 0.104230844458365 0.000000000000000 0.000000000000000 0.000000000000000
AFB_afb_migrad_210 0.050000000745058 0.000000000000000 0.000000000000000 0.000000000000000
  AFB_hesse_210 0.000000000000000
AFB_fh_hesse_210 0.104230844458365 0.000000000000000 0.000000000000000 0.000000000000000
AFB_afb_hesse_210 0.050000000745058 0.000000000000000 0.000000000000000 0.000000000000000
  AFB_minos_210 6.000000000000000
 AFB_migrad_211 0.000000000000000 -58251.286660477693658
AFB_fh_migrad_211 0.110119686494580 0.000000000000000 0.000000000000000 0.000000000000000
AFB_afb_migrad_211 0.054999999701977 0.000000000000000 0.000000000000000 0.000000000000000
  AFB_hesse_211 0.000000000000000
AFB_fh_hesse_211 0.110119686494580 0.000000000000000 0.000000000000000 0.000000000000000
AFB_afb_hesse_211 0.054999999701977 0.000000000000000 0.000000000000000 0.000000000000000
  AFB_minos_211 6.000000000000000
 AFB_migrad_212 0.000000000000000 -58250.273243377552717
AFB_fh_migrad_212 0.120554017491467 0.000000000000000 0.000000000000000 0.000000000000000
AFB_afb_migrad_212 0.059999998658895 0.000000000000000 0.000000000000000 0.000000000000000
  AFB_hesse_212 0.000000000000000
AFB_fh_hesse_212 0.120554017491467 0.000000000000000 0.000000000000000 0.000000000000000
AFB_afb_hesse_212 0.059999998658895 0.000000000000000 0.000000000000000 0.000000000000000
  AFB_minos_212 6.000000000000000
 AFB_migrad_213 0.000000000000000 -58249.250362816463166
AFB_fh_migrad_213 0.130044638151025 0.000000000000000 0.000000000000000 0.000000000000000
AFB_afb_migrad_213 0.064999997615814 0.000000000000000 0.000000000000000 0.000000000000000
  AFB_hesse_213 0.000000000000000
AFB_fh_hesse_213 0.130044638151025 0.000000000000000 0.000000000000000 0.000000000000000
AFB_afb_hesse_213 0.064999997615814 0.000000000000000 0.000000000000000 0.000000000000000
  AFB_minos_213 6.000000000000000
 AFB_migrad_214 0.000000000000000 -58248.137123498534493
AFB_fh_migrad_214 0.140056189497837 0.000000000000000 0.000000000000000 0.000000000000000
AFB_afb_migrad_214 0.070000000298023 0.000000000000000 0.000000000000000 0.000000000000000
  AFB_hesse_214 0.000000000000000
AFB_fh_hesse_214 0.140056189497837 0.000000000000000 0.000000000000000 0.000000000000000
AFB_afb_hesse_214 0.070000000298023 0.000000000000000 0.000000000000000 0.000000000000000
  AFB_minos_214 6.000000000000000
 AFB_migrad_215 0.000000000000000 -58246.953603202033264
AFB_fh_migrad_215 0.150237178840881 0.000000000000000 0.000000000000000 0.000000000000000
AFB_afb_migrad_215 0.075000002980232 0.000000000000000 0.000000000000000 0.000000000000000
  AFB_hesse_215 0.000000000000000
AFB_fh_hesse_215 0.150237178840881 0.000000000000000 0.000000000000000 0.000000000000000
AFB_afb_hesse_215 0.075000002980232 0.000000000000000 0.000000000000000 0.000000000000000
  AFB_minos_215 6.000000000000000
 AFB_migrad_216 0.000000000000000 -58245.727275150224159
AFB_fh_migrad_216 0.160164298610713 0.000000000000000 0.000000000000000 0.000000000000000
AFB_afb_migrad_216 0.079999998211861 0.000000000000000 0.000000000000000 0.000000000000000
  AFB_hesse_216 0.000000000000000
AFB_fh_hesse_216 0.160164298610713 0.000000000000000 0.000000000000000 0.000000000000000
AFB_afb_hesse_216 0.079999998211861 0.000000000000000 0.000000000000000 0.000000000000000
  AFB_minos_216    6.000000000000000
