         CARD:
              
    FH_migrad_1 0.000000000000000 -7239.462699319066814
 FH_fh_migrad_1 0.004999999888241 0.000000000000000 0.000000000000000 0.000000000000000
FH_afb_migrad_1 -0.002313957183347 0.000000000000000 0.000000000000000 0.000000000000000
     FH_hesse_1 0.000000000000000
  FH_fh_hesse_1 0.004999999888241 0.000000000000000 0.000000000000000 0.000000000000000
 FH_afb_hesse_1 -0.002313957183347 0.000000000000000 0.000000000000000 0.000000000000000
     FH_minos_1 6.000000000000000
    FH_migrad_2 0.000000000000000 -7239.435926001642656
 FH_fh_migrad_2 0.009999999776483 0.000000000000000 0.000000000000000 0.000000000000000
FH_afb_migrad_2 -0.004917812209529 0.000000000000000 0.000000000000000 0.000000000000000
     FH_hesse_2 0.000000000000000
  FH_fh_hesse_2 0.009999999776483 0.000000000000000 0.000000000000000 0.000000000000000
 FH_afb_hesse_2 -0.004917812209529 0.000000000000000 0.000000000000000 0.000000000000000
     FH_minos_2 6.000000000000000
    FH_migrad_3 0.000000000000000 -7239.405963848908868
 FH_fh_migrad_3 0.014999999664724 0.000000000000000 0.000000000000000 0.000000000000000
FH_afb_migrad_3 -0.007478780451401 0.000000000000000 0.000000000000000 0.000000000000000
     FH_hesse_3 0.000000000000000
  FH_fh_hesse_3 0.014999999664724 0.000000000000000 0.000000000000000 0.000000000000000
 FH_afb_hesse_3 -0.007478780451401 0.000000000000000 0.000000000000000 0.000000000000000
     FH_minos_3 6.000000000000000
    FH_migrad_4 0.000000000000000 -7239.372570077637647
 FH_fh_migrad_4 0.019999999552965 0.000000000000000 0.000000000000000 0.000000000000000
FH_afb_migrad_4 -0.009228668949679 0.000000000000000 0.000000000000000 0.000000000000000
     FH_hesse_4 0.000000000000000
  FH_fh_hesse_4 0.019999999552965 0.000000000000000 0.000000000000000 0.000000000000000
 FH_afb_hesse_4 -0.009228668949679 0.000000000000000 0.000000000000000 0.000000000000000
     FH_minos_4 6.000000000000000
    FH_migrad_5 0.000000000000000 -7239.337105404557406
 FH_fh_migrad_5 0.025000000372529 0.000000000000000 0.000000000000000 0.000000000000000
FH_afb_migrad_5 -0.012434877978046 0.000000000000000 0.000000000000000 0.000000000000000
     FH_hesse_5 0.000000000000000
  FH_fh_hesse_5 0.025000000372529 0.000000000000000 0.000000000000000 0.000000000000000
 FH_afb_hesse_5 -0.012434877978046 0.000000000000000 0.000000000000000 0.000000000000000
     FH_minos_5 6.000000000000000
    FH_migrad_6 0.000000000000000 -7239.300748176697198
 FH_fh_migrad_6 0.029999999329448 0.000000000000000 0.000000000000000 0.000000000000000
FH_afb_migrad_6 -0.011779103904319 0.000000000000000 0.000000000000000 0.000000000000000
     FH_hesse_6 0.000000000000000
  FH_fh_hesse_6 0.029999999329448 0.000000000000000 0.000000000000000 0.000000000000000
 FH_afb_hesse_6 -0.011779103904319 0.000000000000000 0.000000000000000 0.000000000000000
     FH_minos_6 6.000000000000000
    FH_migrad_7 0.000000000000000 -7239.260113966228346
 FH_fh_migrad_7 0.035000000149012 0.000000000000000 0.000000000000000 0.000000000000000
FH_afb_migrad_7 -0.015711763724122 0.000000000000000 0.000000000000000 0.000000000000000
     FH_hesse_7 0.000000000000000
  FH_fh_hesse_7 0.035000000149012 0.000000000000000 0.000000000000000 0.000000000000000
 FH_afb_hesse_7 -0.015711763724122 0.000000000000000 0.000000000000000 0.000000000000000
     FH_minos_7 6.000000000000000
    FH_migrad_8 0.000000000000000 -7239.216356223654657
 FH_fh_migrad_8 0.039999999105930 0.000000000000000 0.000000000000000 0.000000000000000
FH_afb_migrad_8 -0.018619169154415 0.000000000000000 0.000000000000000 0.000000000000000
     FH_hesse_8 0.000000000000000
  FH_fh_hesse_8 0.039999999105930 0.000000000000000 0.000000000000000 0.000000000000000
 FH_afb_hesse_8 -0.018619169154415 0.000000000000000 0.000000000000000 0.000000000000000
     FH_minos_8 6.000000000000000
    FH_migrad_9 0.000000000000000 -7239.184266463465065
 FH_fh_migrad_9 0.045000001788139 0.000000000000000 0.000000000000000 0.000000000000000
FH_afb_migrad_9 -0.012399615822881 0.000000000000000 0.000000000000000 0.000000000000000
     FH_hesse_9 0.000000000000000
  FH_fh_hesse_9 0.045000001788139 0.000000000000000 0.000000000000000 0.000000000000000
 FH_afb_hesse_9 -0.012399615822881 0.000000000000000 0.000000000000000 0.000000000000000
     FH_minos_9 6.000000000000000
   FH_migrad_10 0.000000000000000 -7239.143301213352970
FH_fh_migrad_10 0.050000000745058 0.000000000000000 0.000000000000000 0.000000000000000
FH_afb_migrad_10 -0.012740000074041 0.000000000000000 0.000000000000000 0.000000000000000
    FH_hesse_10 0.000000000000000
 FH_fh_hesse_10 0.050000000745058 0.000000000000000 0.000000000000000 0.000000000000000
FH_afb_hesse_10 -0.012740000074041 0.000000000000000 0.000000000000000 0.000000000000000
    FH_minos_10 6.000000000000000
   FH_migrad_11 0.000000000000000 -7239.101287553678048
FH_fh_migrad_11 0.054999999701977 0.000000000000000 0.000000000000000 0.000000000000000
FH_afb_migrad_11 -0.013081995366310 0.000000000000000 0.000000000000000 0.000000000000000
    FH_hesse_11 0.000000000000000
 FH_fh_hesse_11 0.054999999701977 0.000000000000000 0.000000000000000 0.000000000000000
FH_afb_hesse_11 -0.013081995366310 0.000000000000000 0.000000000000000 0.000000000000000
    FH_minos_11 6.000000000000000
   FH_migrad_12 0.000000000000000 -7239.058233740842297
FH_fh_migrad_12 0.059999998658895 0.000000000000000 0.000000000000000 0.000000000000000
FH_afb_migrad_12 -0.013425502259617 0.000000000000000 0.000000000000000 0.000000000000000
    FH_hesse_12 0.000000000000000
 FH_fh_hesse_12 0.059999998658895 0.000000000000000 0.000000000000000 0.000000000000000
FH_afb_hesse_12 -0.013425502259617 0.000000000000000 0.000000000000000 0.000000000000000
    FH_minos_12 6.000000000000000
   FH_migrad_13 0.000000000000000 -7239.014147832320305
FH_fh_migrad_13 0.064999997615814 0.000000000000000 0.000000000000000 0.000000000000000
FH_afb_migrad_13 -0.013770425523839 0.000000000000000 0.000000000000000 0.000000000000000
    FH_hesse_13 0.000000000000000
 FH_fh_hesse_13 0.064999997615814 0.000000000000000 0.000000000000000 0.000000000000000
FH_afb_hesse_13 -0.013770425523839 0.000000000000000 0.000000000000000 0.000000000000000
    FH_minos_13 6.000000000000000
   FH_migrad_14 0.000000000000000 -7238.969037660352114
FH_fh_migrad_14 0.070000000298023 0.000000000000000 0.000000000000000 0.000000000000000
FH_afb_migrad_14 -0.014116674191617 0.000000000000000 0.000000000000000 0.000000000000000
    FH_hesse_14 0.000000000000000
 FH_fh_hesse_14 0.070000000298023 0.000000000000000 0.000000000000000 0.000000000000000
FH_afb_hesse_14 -0.014116674191617 0.000000000000000 0.000000000000000 0.000000000000000
    FH_minos_14 6.000000000000000
   FH_migrad_15 0.000000000000000 -7238.922910939716530
FH_fh_migrad_15 0.075000002980232 0.000000000000000 0.000000000000000 0.000000000000000
FH_afb_migrad_15 -0.014464160596254 0.000000000000000 0.000000000000000 0.000000000000000
    FH_hesse_15 0.000000000000000
 FH_fh_hesse_15 0.075000002980232 0.000000000000000 0.000000000000000 0.000000000000000
FH_afb_hesse_15 -0.014464160596254 0.000000000000000 0.000000000000000 0.000000000000000
    FH_minos_15 6.000000000000000
   FH_migrad_16 0.000000000000000 -7238.875775246740886
FH_fh_migrad_16 0.079999998211861 0.000000000000000 0.000000000000000 0.000000000000000
FH_afb_migrad_16 -0.014812800444491 0.000000000000000 0.000000000000000 0.000000000000000
    FH_hesse_16 0.000000000000000
 FH_fh_hesse_16 0.079999998211861 0.000000000000000 0.000000000000000 0.000000000000000
FH_afb_hesse_16 -0.014812800444491 0.000000000000000 0.000000000000000 0.000000000000000
    FH_minos_16 0.000000000000000
   FH_migrad_17 0.000000000000000 -7238.827637775938456
FH_fh_migrad_17 0.085000000894070 0.000000000000000 0.000000000000000 0.000000000000000
FH_afb_migrad_17 -0.015162514458881 0.000000000000000 0.000000000000000 0.000000000000000
    FH_hesse_17 0.000000000000000
 FH_fh_hesse_17 0.085000000894070 0.000000000000000 0.000000000000000 0.000000000000000
FH_afb_hesse_17 -0.015162514458881 0.000000000000000 0.000000000000000 0.000000000000000
    FH_minos_17 0.000000000000000
   FH_migrad_18 0.000000000000000 -7238.778505767766546
FH_fh_migrad_18 0.090000003576279 0.000000000000000 0.000000000000000 0.000000000000000
FH_afb_migrad_18 -0.015513225090049 0.000000000000000 0.000000000000000 0.000000000000000
    FH_hesse_18 0.000000000000000
 FH_fh_hesse_18 0.090000003576279 0.000000000000000 0.000000000000000 0.000000000000000
FH_afb_hesse_18 -0.015513225090049 0.000000000000000 0.000000000000000 0.000000000000000
    FH_minos_18 0.000000000000000
   FH_migrad_19 0.000000000000000 -7238.728386543240958
FH_fh_migrad_19 0.094999998807907 0.000000000000000 0.000000000000000 0.000000000000000
FH_afb_migrad_19 -0.015868583277005 0.000000000000000 0.000000000000000 0.000000000000000
    FH_hesse_19 0.000000000000000
 FH_fh_hesse_19 0.094999998807907 0.000000000000000 0.000000000000000 0.000000000000000
FH_afb_hesse_19 -0.015868583277005 0.000000000000000 0.000000000000000 0.000000000000000
    FH_minos_19 0.000000000000000
   FH_migrad_20 0.000000000000000 -7238.677286347485278
FH_fh_migrad_20 0.100000001490116 0.000000000000000 0.000000000000000 0.000000000000000
FH_afb_migrad_20 -0.016221030161529 0.000000000000000 0.000000000000000 0.000000000000000
    FH_hesse_20 0.000000000000000
 FH_fh_hesse_20 0.100000001490116 0.000000000000000 0.000000000000000 0.000000000000000
FH_afb_hesse_20 -0.016221030161529 0.000000000000000 0.000000000000000 0.000000000000000
    FH_minos_20 0.000000000000000
   FH_migrad_21 0.000000000000000 -7238.625212280107007
FH_fh_migrad_21 0.104999996721745 0.000000000000000 0.000000000000000 0.000000000000000
FH_afb_migrad_21 -0.016574260995024 0.000000000000000 0.000000000000000 0.000000000000000
    FH_hesse_21 0.000000000000000
 FH_fh_hesse_21 0.104999996721745 0.000000000000000 0.000000000000000 0.000000000000000
FH_afb_hesse_21 -0.016574260995024 0.000000000000000 0.000000000000000 0.000000000000000
    FH_minos_21 0.000000000000000
   FH_migrad_22 0.000000000000000 -7238.572083118814589
FH_fh_migrad_22 0.109999999403954 0.000000000000000 0.000000000000000 0.000000000000000
FH_afb_migrad_22 -0.016857387535117 0.000000000000000 0.000000000000000 0.000000000000000
    FH_hesse_22 0.000000000000000
 FH_fh_hesse_22 0.109999999403954 0.000000000000000 0.000000000000000 0.000000000000000
FH_afb_hesse_22 -0.016857387535117 0.000000000000000 0.000000000000000 0.000000000000000
    FH_minos_22 0.000000000000000
   FH_migrad_23 0.000000000000000 -7238.518082016031258
FH_fh_migrad_23 0.115000002086163 0.000000000000000 0.000000000000000 0.000000000000000
FH_afb_migrad_23 -0.017213107607485 0.000000000000000 0.000000000000000 0.000000000000000
    FH_hesse_23 0.000000000000000
 FH_fh_hesse_23 0.115000002086163 0.000000000000000 0.000000000000000 0.000000000000000
FH_afb_hesse_23 -0.017213107607485 0.000000000000000 0.000000000000000 0.000000000000000
    FH_minos_23 0.000000000000000
   FH_migrad_24 0.000000000000000 -7238.463126355550230
FH_fh_migrad_24 0.119999997317791 0.000000000000000 0.000000000000000 0.000000000000000
FH_afb_migrad_24 -0.017569398723079 0.000000000000000 0.000000000000000 0.000000000000000
    FH_hesse_24 0.000000000000000
 FH_fh_hesse_24 0.119999997317791 0.000000000000000 0.000000000000000 0.000000000000000
FH_afb_hesse_24 -0.017569398723079 0.000000000000000 0.000000000000000 0.000000000000000
    FH_minos_24 0.000000000000000
   FH_migrad_25 0.000000000000000 -7238.407222149900008
FH_fh_migrad_25 0.125000000000000 0.000000000000000 0.000000000000000 0.000000000000000
FH_afb_migrad_25 -0.017926203486192 0.000000000000000 0.000000000000000 0.000000000000000
    FH_hesse_25 0.000000000000000
 FH_fh_hesse_25 0.125000000000000 0.000000000000000 0.000000000000000 0.000000000000000
FH_afb_hesse_25 -0.017926203486192 0.000000000000000 0.000000000000000 0.000000000000000
    FH_minos_25 0.000000000000000
   FH_migrad_26 0.000000000000000 -7238.350375619005717
FH_fh_migrad_26 0.129999995231628 0.000000000000000 0.000000000000000 0.000000000000000
FH_afb_migrad_26 -0.018283464696315 0.000000000000000 0.000000000000000 0.000000000000000
    FH_hesse_26 0.000000000000000
 FH_fh_hesse_26 0.129999995231628 0.000000000000000 0.000000000000000 0.000000000000000
FH_afb_hesse_26 -0.018283464696315 0.000000000000000 0.000000000000000 0.000000000000000
    FH_minos_26 0.000000000000000
   FH_migrad_27 0.000000000000000 -7238.292592441156557
FH_fh_migrad_27 0.135000005364418 0.000000000000000 0.000000000000000 0.000000000000000
FH_afb_migrad_27 -0.018641130030898 0.000000000000000 0.000000000000000 0.000000000000000
    FH_hesse_27 0.000000000000000
 FH_fh_hesse_27 0.135000005364418 0.000000000000000 0.000000000000000 0.000000000000000
FH_afb_hesse_27 -0.018641130030898 0.000000000000000 0.000000000000000 0.000000000000000
    FH_minos_27 0.000000000000000
   FH_migrad_28 0.000000000000000 -7238.233878780404666
FH_fh_migrad_28 0.140000000596046 0.000000000000000 0.000000000000000 0.000000000000000
FH_afb_migrad_28 -0.018999145554606 0.000000000000000 0.000000000000000 0.000000000000000
    FH_hesse_28 0.000000000000000
 FH_fh_hesse_28 0.140000000596046 0.000000000000000 0.000000000000000 0.000000000000000
FH_afb_hesse_28 -0.018999145554606 0.000000000000000 0.000000000000000 0.000000000000000
    FH_minos_28 0.000000000000000
   FH_migrad_29 0.000000000000000 -7238.174240174502302
FH_fh_migrad_29 0.144999995827675 0.000000000000000 0.000000000000000 0.000000000000000
FH_afb_migrad_29 -0.019357462542688 0.000000000000000 0.000000000000000 0.000000000000000
    FH_hesse_29 0.000000000000000
 FH_fh_hesse_29 0.144999995827675 0.000000000000000 0.000000000000000 0.000000000000000
FH_afb_hesse_29 -0.019357462542688 0.000000000000000 0.000000000000000 0.000000000000000
    FH_minos_29 0.000000000000000
   FH_migrad_30 0.000000000000000 -7238.113682042763685
FH_fh_migrad_30 0.150000005960464 0.000000000000000 0.000000000000000 0.000000000000000
FH_afb_migrad_30 -0.019716034212768 0.000000000000000 0.000000000000000 0.000000000000000
    FH_hesse_30 0.000000000000000
 FH_fh_hesse_30 0.150000005960464 0.000000000000000 0.000000000000000 0.000000000000000
FH_afb_hesse_30 -0.019716034212768 0.000000000000000 0.000000000000000 0.000000000000000
    FH_minos_30 0.000000000000000
   FH_migrad_31 0.000000000000000 -7238.052210243367881
FH_fh_migrad_31 0.155000001192093 0.000000000000000 0.000000000000000 0.000000000000000
FH_afb_migrad_31 -0.020074812414048 0.000000000000000 0.000000000000000 0.000000000000000
    FH_hesse_31 0.000000000000000
 FH_fh_hesse_31 0.155000001192093 0.000000000000000 0.000000000000000 0.000000000000000
FH_afb_hesse_31 -0.020074812414048 0.000000000000000 0.000000000000000 0.000000000000000
    FH_minos_31 0.000000000000000
   FH_migrad_32 0.000000000000000 -7237.989829993817693
FH_fh_migrad_32 0.159999996423721 0.000000000000000 0.000000000000000 0.000000000000000
FH_afb_migrad_32 -0.020433753960041 0.000000000000000 0.000000000000000 0.000000000000000
    FH_hesse_32 0.000000000000000
 FH_fh_hesse_32 0.159999996423721 0.000000000000000 0.000000000000000 0.000000000000000
FH_afb_hesse_32 -0.020433753960041 0.000000000000000 0.000000000000000 0.000000000000000
    FH_minos_32 0.000000000000000
   FH_migrad_33 0.000000000000000 -7237.926546403382417
FH_fh_migrad_33 0.165000006556511 0.000000000000000 0.000000000000000 0.000000000000000
FH_afb_migrad_33 -0.020792817354673 0.000000000000000 0.000000000000000 0.000000000000000
    FH_hesse_33 0.000000000000000
 FH_fh_hesse_33 0.165000006556511 0.000000000000000 0.000000000000000 0.000000000000000
FH_afb_hesse_33 -0.020792817354673 0.000000000000000 0.000000000000000 0.000000000000000
    FH_minos_33 0.000000000000000
   FH_migrad_34 0.000000000000000 -7237.862365054153088
FH_fh_migrad_34 0.170000001788139 0.000000000000000 0.000000000000000 0.000000000000000
FH_afb_migrad_34 -0.021151959495088 0.000000000000000 0.000000000000000 0.000000000000000
    FH_hesse_34 0.000000000000000
 FH_fh_hesse_34 0.170000001788139 0.000000000000000 0.000000000000000 0.000000000000000
FH_afb_hesse_34 -0.021151959495088 0.000000000000000 0.000000000000000 0.000000000000000
    FH_minos_34 0.000000000000000
   FH_migrad_35 0.000000000000000 -7237.797290872348640
FH_fh_migrad_35 0.174999997019768 0.000000000000000 0.000000000000000 0.000000000000000
FH_afb_migrad_35 -0.021511142024667 0.000000000000000 0.000000000000000 0.000000000000000
    FH_hesse_35 0.000000000000000
 FH_fh_hesse_35 0.174999997019768 0.000000000000000 0.000000000000000 0.000000000000000
FH_afb_hesse_35 -0.021511142024667 0.000000000000000 0.000000000000000 0.000000000000000
    FH_minos_35 0.000000000000000
   FH_migrad_36 0.000000000000000 -7237.731328684976688
FH_fh_migrad_36 0.180000007152557 0.000000000000000 0.000000000000000 0.000000000000000
FH_afb_migrad_36 -0.021870328061143 0.000000000000000 0.000000000000000 0.000000000000000
    FH_hesse_36 0.000000000000000
 FH_fh_hesse_36 0.180000007152557 0.000000000000000 0.000000000000000 0.000000000000000
FH_afb_hesse_36 -0.021870328061143 0.000000000000000 0.000000000000000 0.000000000000000
    FH_minos_36 0.000000000000000
   FH_migrad_37 0.000000000000000 -7237.664483824252784
FH_fh_migrad_37 0.185000002384186 0.000000000000000 0.000000000000000 0.000000000000000
FH_afb_migrad_37 -0.022229478914722 0.000000000000000 0.000000000000000 0.000000000000000
    FH_hesse_37 0.000000000000000
 FH_fh_hesse_37 0.185000002384186 0.000000000000000 0.000000000000000 0.000000000000000
FH_afb_hesse_37 -0.022229478914722 0.000000000000000 0.000000000000000 0.000000000000000
    FH_minos_37 0.000000000000000
   FH_migrad_38 0.000000000000000 -7237.596760950691532
FH_fh_migrad_38 0.189999997615814 0.000000000000000 0.000000000000000 0.000000000000000
FH_afb_migrad_38 -0.022588560450895 0.000000000000000 0.000000000000000 0.000000000000000
    FH_hesse_38 0.000000000000000
 FH_fh_hesse_38 0.189999997615814 0.000000000000000 0.000000000000000 0.000000000000000
FH_afb_hesse_38 -0.022588560450895 0.000000000000000 0.000000000000000 0.000000000000000
    FH_minos_38 0.000000000000000
   FH_migrad_39 0.000000000000000 -7237.528164839303827
FH_fh_migrad_39 0.194999992847443 0.000000000000000 0.000000000000000 0.000000000000000
FH_afb_migrad_39 -0.022947538754418 0.000000000000000 0.000000000000000 0.000000000000000
    FH_hesse_39 0.000000000000000
 FH_fh_hesse_39 0.194999992847443 0.000000000000000 0.000000000000000 0.000000000000000
FH_afb_hesse_39 -0.022947538754418 0.000000000000000 0.000000000000000 0.000000000000000
    FH_minos_39 0.000000000000000
 AFB_migrad_180 0.000000000000000 -7236.534980194558557
AFB_fh_migrad_180 0.200015374612798 0.000000000000000 0.000000000000000 0.000000000000000
AFB_afb_migrad_180 -0.100000001490116 0.000000000000000 0.000000000000000 0.000000000000000
  AFB_hesse_180 0.000000000000000
AFB_fh_hesse_180 0.200015374612798 0.000000000000000 0.000000000000000 0.000000000000000
AFB_afb_hesse_180 -0.100000001490116 0.000000000000000 0.000000000000000 0.000000000000000
  AFB_minos_180 6.000000000000000
 AFB_migrad_181 0.000000000000000 -7236.766894822488212
AFB_fh_migrad_181 0.190038203461254 0.000000000000000 0.000000000000000 0.000000000000000
AFB_afb_migrad_181 -0.094999998807907 0.000000000000000 0.000000000000000 0.000000000000000
  AFB_hesse_181 0.000000000000000
AFB_fh_hesse_181 0.190038203461254 0.000000000000000 0.000000000000000 0.000000000000000
AFB_afb_hesse_181 -0.094999998807907 0.000000000000000 0.000000000000000 0.000000000000000
  AFB_minos_181 6.000000000000000
 AFB_migrad_182 0.000000000000000 -7236.991427990546072
AFB_fh_migrad_182 0.180007161611310 0.000000000000000 0.000000000000000 0.000000000000000
AFB_afb_migrad_182 -0.090000003576279 0.000000000000000 0.000000000000000 0.000000000000000
  AFB_hesse_182 0.000000000000000
AFB_fh_hesse_182 0.180007161611310 0.000000000000000 0.000000000000000 0.000000000000000
AFB_afb_hesse_182 -0.090000003576279 0.000000000000000 0.000000000000000 0.000000000000000
  AFB_minos_182 6.000000000000000
 AFB_migrad_183 0.000000000000000 -7237.207277241285738
AFB_fh_migrad_183 0.170029168995342 0.000000000000000 0.000000000000000 0.000000000000000
AFB_afb_migrad_183 -0.085000000894070 0.000000000000000 0.000000000000000 0.000000000000000
  AFB_hesse_183 0.000000000000000
AFB_fh_hesse_183 0.170029168995342 0.000000000000000 0.000000000000000 0.000000000000000
AFB_afb_hesse_183 -0.085000000894070 0.000000000000000 0.000000000000000 0.000000000000000
  AFB_minos_183 6.000000000000000
 AFB_migrad_184 0.000000000000000 -7237.415345347486436
AFB_fh_migrad_184 0.160010452232337 0.000000000000000 0.000000000000000 0.000000000000000
AFB_afb_migrad_184 -0.079999998211861 0.000000000000000 0.000000000000000 0.000000000000000
  AFB_hesse_184 0.000000000000000
AFB_fh_hesse_184 0.160010452232337 0.000000000000000 0.000000000000000 0.000000000000000
AFB_afb_hesse_184 -0.079999998211861 0.000000000000000 0.000000000000000 0.000000000000000
  AFB_minos_184 6.000000000000000
 AFB_migrad_185 0.000000000000000 -7237.614938724982494
AFB_fh_migrad_185 0.150002916504119 0.000000000000000 0.000000000000000 0.000000000000000
AFB_afb_migrad_185 -0.075000002980232 0.000000000000000 0.000000000000000 0.000000000000000
  AFB_hesse_185 0.000000000000000
AFB_fh_hesse_185 0.150002916504119 0.000000000000000 0.000000000000000 0.000000000000000
AFB_afb_hesse_185 -0.075000002980232 0.000000000000000 0.000000000000000 0.000000000000000
  AFB_minos_185 6.000000000000000
 AFB_migrad_186 0.000000000000000 -7237.805825586729043
AFB_fh_migrad_186 0.140016656975124 0.000000000000000 0.000000000000000 0.000000000000000
AFB_afb_migrad_186 -0.070000000298023 0.000000000000000 0.000000000000000 0.000000000000000
  AFB_hesse_186 0.000000000000000
AFB_fh_hesse_186 0.140016656975124 0.000000000000000 0.000000000000000 0.000000000000000
AFB_afb_hesse_186 -0.070000000298023 0.000000000000000 0.000000000000000 0.000000000000000
  AFB_minos_186 6.000000000000000
 AFB_migrad_187 0.000000000000000 -7237.988223645210383
AFB_fh_migrad_187 0.130016793608775 0.000000000000000 0.000000000000000 0.000000000000000
AFB_afb_migrad_187 -0.064999997615814 0.000000000000000 0.000000000000000 0.000000000000000
  AFB_hesse_187 0.000000000000000
AFB_fh_hesse_187 0.130016793608775 0.000000000000000 0.000000000000000 0.000000000000000
AFB_afb_hesse_187 -0.064999997615814 0.000000000000000 0.000000000000000 0.000000000000000
  AFB_minos_187 6.000000000000000
 AFB_migrad_188 0.000000000000000 -7238.161922017248799
AFB_fh_migrad_188 0.120008433873375 0.000000000000000 0.000000000000000 0.000000000000000
AFB_afb_migrad_188 -0.059999998658895 0.000000000000000 0.000000000000000 0.000000000000000
  AFB_hesse_188 0.000000000000000
AFB_fh_hesse_188 0.120008433873375 0.000000000000000 0.000000000000000 0.000000000000000
AFB_afb_hesse_188 -0.059999998658895 0.000000000000000 0.000000000000000 0.000000000000000
  AFB_minos_188 6.000000000000000
 AFB_migrad_189 0.000000000000000 -7238.324804109809520
AFB_fh_migrad_189 0.110196177355733 0.000000000000000 0.000000000000000 0.000000000000000
AFB_afb_migrad_189 -0.054999999701977 0.000000000000000 0.000000000000000 0.000000000000000
  AFB_hesse_189 0.000000000000000
AFB_fh_hesse_189 0.110196177355733 0.000000000000000 0.000000000000000 0.000000000000000
AFB_afb_hesse_189 -0.054999999701977 0.000000000000000 0.000000000000000 0.000000000000000
  AFB_minos_189 6.000000000000000
 AFB_migrad_190 0.000000000000000 -7238.482068309299393
AFB_fh_migrad_190 0.100016873298458 0.000000000000000 0.000000000000000 0.000000000000000
AFB_afb_migrad_190 -0.050000000745058 0.000000000000000 0.000000000000000 0.000000000000000
  AFB_hesse_190 0.000000000000000
AFB_fh_hesse_190 0.100016873298458 0.000000000000000 0.000000000000000 0.000000000000000
AFB_afb_hesse_190 -0.050000000745058 0.000000000000000 0.000000000000000 0.000000000000000
  AFB_minos_190 6.000000000000000
 AFB_migrad_191 0.000000000000000 -7238.622275455638373
AFB_fh_migrad_191 0.090684482008267 0.000000000000000 0.000000000000000 0.000000000000000
AFB_afb_migrad_191 -0.045000001788139 0.000000000000000 0.000000000000000 0.000000000000000
  AFB_hesse_191 0.000000000000000
AFB_fh_hesse_191 0.090684482008267 0.000000000000000 0.000000000000000 0.000000000000000
AFB_afb_hesse_191 -0.045000001788139 0.000000000000000 0.000000000000000 0.000000000000000
  AFB_minos_191 6.000000000000000
 AFB_migrad_192 0.000000000000000 -7238.759153252556644
AFB_fh_migrad_192 0.080681715952861 0.000000000000000 0.000000000000000 0.000000000000000
AFB_afb_migrad_192 -0.039999999105930 0.000000000000000 0.000000000000000 0.000000000000000
  AFB_hesse_192 0.000000000000000
AFB_fh_hesse_192 0.080681715952861 0.000000000000000 0.000000000000000 0.000000000000000
AFB_afb_hesse_192 -0.039999999105930 0.000000000000000 0.000000000000000 0.000000000000000
  AFB_minos_192 6.000000000000000
 AFB_migrad_193 0.000000000000000 -7238.886426396838033
AFB_fh_migrad_193 0.070679715723822 0.000000000000000 0.000000000000000 0.000000000000000
AFB_afb_migrad_193 -0.035000000149012 0.000000000000000 0.000000000000000 0.000000000000000
  AFB_hesse_193 0.000000000000000
AFB_fh_hesse_193 0.070679715723822 0.000000000000000 0.000000000000000 0.000000000000000
AFB_afb_hesse_193 -0.035000000149012 0.000000000000000 0.000000000000000 0.000000000000000
  AFB_minos_193 6.000000000000000
 AFB_migrad_194 0.000000000000000 -7239.003754395599572
AFB_fh_migrad_194 0.060676966616293 0.000000000000000 0.000000000000000 0.000000000000000
AFB_afb_migrad_194 -0.029999999329448 0.000000000000000 0.000000000000000 0.000000000000000
  AFB_hesse_194 0.000000000000000
AFB_fh_hesse_194 0.060676966616293 0.000000000000000 0.000000000000000 0.000000000000000
AFB_afb_hesse_194 -0.029999999329448 0.000000000000000 0.000000000000000 0.000000000000000
  AFB_minos_194 6.000000000000000
 AFB_migrad_195 0.000000000000000 -7239.110879428506450
AFB_fh_migrad_195 0.050675163747788 0.000000000000000 0.000000000000000 0.000000000000000
AFB_afb_migrad_195 -0.025000000372529 0.000000000000000 0.000000000000000 0.000000000000000
  AFB_hesse_195 0.000000000000000
AFB_fh_hesse_195 0.050675163747788 0.000000000000000 0.000000000000000 0.000000000000000
AFB_afb_hesse_195 -0.025000000372529 0.000000000000000 0.000000000000000 0.000000000000000
  AFB_minos_195 6.000000000000000
 AFB_migrad_196 0.000000000000000 -7239.210818849275711
AFB_fh_migrad_196 0.040247288162491 0.000000000000000 0.000000000000000 0.000000000000000
AFB_afb_migrad_196 -0.019999999552965 0.000000000000000 0.000000000000000 0.000000000000000
  AFB_hesse_196 0.000000000000000
AFB_fh_hesse_196 0.040247288162491 0.000000000000000 0.000000000000000 0.000000000000000
AFB_afb_hesse_196 -0.019999999552965 0.000000000000000 0.000000000000000 0.000000000000000
  AFB_minos_196 6.000000000000000
 AFB_migrad_197 0.000000000000000 -7239.297668814563622
AFB_fh_migrad_197 0.030098322559064 0.000000000000000 0.000000000000000 0.000000000000000
AFB_afb_migrad_197 -0.014999999664724 0.000000000000000 0.000000000000000 0.000000000000000
  AFB_hesse_197 0.000000000000000
AFB_fh_hesse_197 0.030098322559064 0.000000000000000 0.000000000000000 0.000000000000000
AFB_afb_hesse_197 -0.014999999664724 0.000000000000000 0.000000000000000 0.000000000000000
  AFB_minos_197 6.000000000000000
 AFB_migrad_198 0.000000000000000 -7239.369569379211498
AFB_fh_migrad_198 0.020483496407302 0.000000000000000 0.000000000000000 0.000000000000000
AFB_afb_migrad_198 -0.009999999776483 0.000000000000000 0.000000000000000 0.000000000000000
  AFB_hesse_198 0.000000000000000
AFB_fh_hesse_198 0.020483496407302 0.000000000000000 0.000000000000000 0.000000000000000
AFB_afb_hesse_198 -0.009999999776483 0.000000000000000 0.000000000000000 0.000000000000000
  AFB_minos_198 6.000000000000000
 AFB_migrad_199 0.000000000000000 -7239.430640874357778
AFB_fh_migrad_199 0.010812164995018 0.000000000000000 0.000000000000000 0.000000000000000
AFB_afb_migrad_199 -0.004999999888241 0.000000000000000 0.000000000000000 0.000000000000000
  AFB_hesse_199 0.000000000000000
AFB_fh_hesse_199 0.010812164995018 0.000000000000000 0.000000000000000 0.000000000000000
AFB_afb_hesse_199 -0.004999999888241 0.000000000000000 0.000000000000000 0.000000000000000
  AFB_minos_199 6.000000000000000
 AFB_migrad_200 0.000000000000000 -7239.487314888085166
AFB_fh_migrad_200 0.000000101955306 0.000000000000000 0.000000000000000 0.000000000000000
AFB_afb_migrad_200 0.000000000000000 0.000000000000000 0.000000000000000 0.000000000000000
  AFB_hesse_200 0.000000000000000
AFB_fh_hesse_200 0.000000101955306 0.000000000000000 0.000000000000000 0.000000000000000
AFB_afb_hesse_200 0.000000000000000 0.000000000000000 0.000000000000000 0.000000000000000
  AFB_minos_200 0.000000000000000
 AFB_migrad_201 0.000000000000000 -7239.394338407399118
AFB_fh_migrad_201 0.010556960351622 0.000000000000000 0.000000000000000 0.000000000000000
AFB_afb_migrad_201 0.004999999888241 0.000000000000000 0.000000000000000 0.000000000000000
  AFB_hesse_201 0.000000000000000
AFB_fh_hesse_201 0.010556960351622 0.000000000000000 0.000000000000000 0.000000000000000
AFB_afb_hesse_201 0.004999999888241 0.000000000000000 0.000000000000000 0.000000000000000
  AFB_minos_201 6.000000000000000
 AFB_migrad_202 0.000000000000000 -7239.286387087253388
AFB_fh_migrad_202 0.020939917654823 0.000000000000000 0.000000000000000 0.000000000000000
AFB_afb_migrad_202 0.009999999776483 0.000000000000000 0.000000000000000 0.000000000000000
  AFB_hesse_202 0.000000000000000
AFB_fh_hesse_202 0.020939917654823 0.000000000000000 0.000000000000000 0.000000000000000
AFB_afb_hesse_202 0.009999999776483 0.000000000000000 0.000000000000000 0.000000000000000
  AFB_minos_202 6.000000000000000
 AFB_migrad_203 0.000000000000000 -7239.169368029400175
AFB_fh_migrad_203 0.030512370573049 0.000000000000000 0.000000000000000 0.000000000000000
AFB_afb_migrad_203 0.014999999664724 0.000000000000000 0.000000000000000 0.000000000000000
  AFB_hesse_203 0.000000000000000
AFB_fh_hesse_203 0.030512370573049 0.000000000000000 0.000000000000000 0.000000000000000
AFB_afb_hesse_203 0.014999999664724 0.000000000000000 0.000000000000000 0.000000000000000
  AFB_minos_203 6.000000000000000
 AFB_migrad_204 0.000000000000000 -7239.038738175163417
AFB_fh_migrad_204 0.040004103615584 0.000000000000000 0.000000000000000 0.000000000000000
AFB_afb_migrad_204 0.019999999552965 0.000000000000000 0.000000000000000 0.000000000000000
  AFB_hesse_204 0.000000000000000
AFB_fh_hesse_204 0.040004103615584 0.000000000000000 0.000000000000000 0.000000000000000
AFB_afb_hesse_204 0.019999999552965 0.000000000000000 0.000000000000000 0.000000000000000
  AFB_minos_204 6.000000000000000
 AFB_migrad_205 0.000000000000000 -7238.880722009318561
AFB_fh_migrad_205 0.051021164501777 0.000000000000000 0.000000000000000 0.000000000000000
AFB_afb_migrad_205 0.025000000372529 0.000000000000000 0.000000000000000 0.000000000000000
  AFB_hesse_205 0.000000000000000
AFB_fh_hesse_205 0.051021164501777 0.000000000000000 0.000000000000000 0.000000000000000
AFB_afb_hesse_205 0.025000000372529 0.000000000000000 0.000000000000000 0.000000000000000
  AFB_minos_205 6.000000000000000
 AFB_migrad_206 0.000000000000000 -7238.718336460763567
AFB_fh_migrad_206 0.060923778739938 0.000000000000000 0.000000000000000 0.000000000000000
AFB_afb_migrad_206 0.029999999329448 0.000000000000000 0.000000000000000 0.000000000000000
  AFB_hesse_206 0.000000000000000
AFB_fh_hesse_206 0.060923778739938 0.000000000000000 0.000000000000000 0.000000000000000
AFB_afb_hesse_206 0.029999999329448 0.000000000000000 0.000000000000000 0.000000000000000
  AFB_minos_206 6.000000000000000
 AFB_migrad_207 0.000000000000000 -7238.542554519952319
AFB_fh_migrad_207 0.070825006852686 0.000000000000000 0.000000000000000 0.000000000000000
AFB_afb_migrad_207 0.035000000149012 0.000000000000000 0.000000000000000 0.000000000000000
  AFB_hesse_207 0.000000000000000
AFB_fh_hesse_207 0.070825006852686 0.000000000000000 0.000000000000000 0.000000000000000
AFB_afb_hesse_207 0.035000000149012 0.000000000000000 0.000000000000000 0.000000000000000
  AFB_minos_207 6.000000000000000
 AFB_migrad_208 0.000000000000000 -7238.353840679160385
AFB_fh_migrad_208 0.080725882225119 0.000000000000000 0.000000000000000 0.000000000000000
AFB_afb_migrad_208 0.039999999105930 0.000000000000000 0.000000000000000 0.000000000000000
  AFB_hesse_208 0.000000000000000
AFB_fh_hesse_208 0.080725882225119 0.000000000000000 0.000000000000000 0.000000000000000
AFB_afb_hesse_208 0.039999999105930 0.000000000000000 0.000000000000000 0.000000000000000
  AFB_minos_208 6.000000000000000
 AFB_migrad_209 0.000000000000000 -7238.158984939945185
AFB_fh_migrad_209 0.090005423055891 0.000000000000000 0.000000000000000 0.000000000000000
AFB_afb_migrad_209 0.045000001788139 0.000000000000000 0.000000000000000 0.000000000000000
  AFB_hesse_209 0.000000000000000
AFB_fh_hesse_209 0.090005423055891 0.000000000000000 0.000000000000000 0.000000000000000
AFB_afb_hesse_209 0.045000001788139 0.000000000000000 0.000000000000000 0.000000000000000
  AFB_minos_209 6.000000000000000
 AFB_migrad_210 0.000000000000000 -7237.941363135443680
AFB_fh_migrad_210 0.100269780829954 0.000000000000000 0.000000000000000 0.000000000000000
AFB_afb_migrad_210 0.050000000745058 0.000000000000000 0.000000000000000 0.000000000000000
  AFB_hesse_210 0.000000000000000
AFB_fh_hesse_210 0.100269780829954 0.000000000000000 0.000000000000000 0.000000000000000
AFB_afb_hesse_210 0.050000000745058 0.000000000000000 0.000000000000000 0.000000000000000
  AFB_minos_210 6.000000000000000
 AFB_migrad_211 0.000000000000000 -7237.715649373245469
AFB_fh_migrad_211 0.110160483767001 0.000000000000000 0.000000000000000 0.000000000000000
AFB_afb_migrad_211 0.054999999701977 0.000000000000000 0.000000000000000 0.000000000000000
  AFB_hesse_211 0.000000000000000
AFB_fh_hesse_211 0.110160483767001 0.000000000000000 0.000000000000000 0.000000000000000
AFB_afb_hesse_211 0.054999999701977 0.000000000000000 0.000000000000000 0.000000000000000
  AFB_minos_211 6.000000000000000
 AFB_migrad_212 0.000000000000000 -7237.478341376869139
AFB_fh_migrad_212 0.120035468295834 0.000000000000000 0.000000000000000 0.000000000000000
AFB_afb_migrad_212 0.059999998658895 0.000000000000000 0.000000000000000 0.000000000000000
  AFB_hesse_212 0.000000000000000
AFB_fh_hesse_212 0.120035468295834 0.000000000000000 0.000000000000000 0.000000000000000
AFB_afb_hesse_212 0.059999998658895 0.000000000000000 0.000000000000000 0.000000000000000
  AFB_minos_212 6.000000000000000
 AFB_migrad_213 0.000000000000000 -7237.220192060229238
AFB_fh_migrad_213 0.130678125625536 0.000000000000000 0.000000000000000 0.000000000000000
AFB_afb_migrad_213 0.064999997615814 0.000000000000000 0.000000000000000 0.000000000000000
  AFB_hesse_213 0.000000000000000
AFB_fh_hesse_213 0.130678125625536 0.000000000000000 0.000000000000000 0.000000000000000
AFB_afb_hesse_213 0.064999997615814 0.000000000000000 0.000000000000000 0.000000000000000
  AFB_minos_213 6.000000000000000
 AFB_migrad_214 0.000000000000000 -7236.959116484457809
AFB_fh_migrad_214 0.140615191414684 0.000000000000000 0.000000000000000 0.000000000000000
AFB_afb_migrad_214 0.070000000298023 0.000000000000000 0.000000000000000 0.000000000000000
  AFB_hesse_214 0.000000000000000
AFB_fh_hesse_214 0.140615191414684 0.000000000000000 0.000000000000000 0.000000000000000
AFB_afb_hesse_214 0.070000000298023 0.000000000000000 0.000000000000000 0.000000000000000
  AFB_minos_214 6.000000000000000
 AFB_migrad_215 0.000000000000000 -7236.687026032395806
AFB_fh_migrad_215 0.150552558932748 0.000000000000000 0.000000000000000 0.000000000000000
AFB_afb_migrad_215 0.075000002980232 0.000000000000000 0.000000000000000 0.000000000000000
  AFB_hesse_215 0.000000000000000
AFB_fh_hesse_215 0.150552558932748 0.000000000000000 0.000000000000000 0.000000000000000
AFB_afb_hesse_215 0.075000002980232 0.000000000000000 0.000000000000000 0.000000000000000
  AFB_minos_215 6.000000000000000
 AFB_migrad_216 0.000000000000000 -7236.404163969485126
AFB_fh_migrad_216 0.160490191058344 0.000000000000000 0.000000000000000 0.000000000000000
AFB_afb_migrad_216 0.079999998211861 0.000000000000000 0.000000000000000 0.000000000000000
  AFB_hesse_216 0.000000000000000
AFB_fh_hesse_216 0.160490191058344 0.000000000000000 0.000000000000000 0.000000000000000
AFB_afb_hesse_216 0.079999998211861 0.000000000000000 0.000000000000000 0.000000000000000
  AFB_minos_216 6.000000000000000
 AFB_migrad_217 0.000000000000000 -7236.110762899817928
AFB_fh_migrad_217 0.170428054136703 0.000000000000000 0.000000000000000 0.000000000000000
AFB_afb_migrad_217 0.085000000894070 0.000000000000000 0.000000000000000 0.000000000000000
  AFB_hesse_217 0.000000000000000
AFB_fh_hesse_217 0.170428054136703 0.000000000000000 0.000000000000000 0.000000000000000
AFB_afb_hesse_217 0.085000000894070 0.000000000000000 0.000000000000000 0.000000000000000
  AFB_minos_217 6.000000000000000
 AFB_migrad_218 0.000000000000000 -7235.807046202095080
AFB_fh_migrad_218 0.180366161933287 0.000000000000000 0.000000000000000 0.000000000000000
AFB_afb_migrad_218 0.090000003576279 0.000000000000000 0.000000000000000 0.000000000000000
  AFB_hesse_218 0.000000000000000
AFB_fh_hesse_218 0.180366161933287 0.000000000000000 0.000000000000000 0.000000000000000
AFB_afb_hesse_218 0.090000003576279 0.000000000000000 0.000000000000000 0.000000000000000
  AFB_minos_218 6.000000000000000
 AFB_migrad_219 0.000000000000000 -7235.493229424990204
AFB_fh_migrad_219 0.190304471091281 0.000000000000000 0.000000000000000 0.000000000000000
AFB_afb_migrad_219 0.094999998807907 0.000000000000000 0.000000000000000 0.000000000000000
  AFB_hesse_219 0.000000000000000
AFB_fh_hesse_219 0.190304471091281 0.000000000000000 0.000000000000000 0.000000000000000
AFB_afb_hesse_219 0.094999998807907 0.000000000000000 0.000000000000000 0.000000000000000
  AFB_minos_219    6.000000000000000
