bin0
AFB=0.078858	FH=0.205405
AngularFormat:	[F_H/2 + 3/4*(1-F_H)*(1-CosThetaL^2) + AFB*CosThetaL]
Index	CosThetaL	SignalYield	Efficiency
1	-0.950000	0.029353	0.000000
2	-0.850000	0.206975	0.000034
3	-0.750000	0.766477	0.000172
4	-0.650000	2.061186	0.000409
5	-0.550000	4.417346	0.000649
6	-0.450000	7.879208	0.001134
7	-0.350000	12.019795	0.001514
8	-0.250000	16.029305	0.001903
9	-0.150000	19.076473	0.002087
10	-0.050000	20.654655	0.002034
11	0.050000	20.637508	0.002157
12	0.150000	19.110384	0.001928
13	0.250000	16.275820	0.001789
14	0.350000	12.540120	0.001481
15	0.450000	8.563831	0.001053
16	0.550000	5.073684	0.000663
17	0.650000	2.547682	0.000432
18	0.750000	1.051978	0.000191
19	0.850000	0.339863	0.000027
20	0.950000	0.077245	0.000010


bin1
AFB=-0.044576	FH=0.849965
AngularFormat:	[F_H/2 + 3/4*(1-F_H)*(1-CosThetaL^2) + AFB*CosThetaL]
Index	CosThetaL	SignalYield	Efficiency
1	-0.950000	1.218890	0.000048
2	-0.850000	2.719115	0.000160
3	-0.750000	5.286916	0.000305
4	-0.650000	9.089433	0.000611
5	-0.550000	13.959285	0.000874
6	-0.450000	19.327557	0.001280
7	-0.350000	24.372477	0.001516
8	-0.250000	28.341850	0.001718
9	-0.150000	30.843634	0.001910
10	-0.050000	31.887671	0.001845
11	0.050000	31.659672	0.001944
12	0.150000	30.250399	0.001870
13	0.250000	27.601236	0.001788
14	0.350000	23.707762	0.001572
15	0.450000	18.865614	0.001308
16	0.550000	13.706969	0.001000
17	0.650000	8.979547	0.000597
18	0.750000	5.242321	0.000358
19	0.850000	2.691199	0.000189
20	0.950000	1.191317	0.000077


bin2
AFB=-0.000414	FH=0.001141
AngularFormat:	[F_H/2 + 3/4*(1-F_H)*(1-CosThetaL^2) + AFB*CosThetaL]
Index	CosThetaL	SignalYield	Efficiency
1	-0.950000	1.205324	0.000316
2	-0.850000	5.613061	0.000456
3	-0.750000	13.929175	0.000670
4	-0.650000	25.113249	0.001045
5	-0.550000	37.127544	0.001221
6	-0.450000	48.127083	0.001420
7	-0.350000	56.962006	0.001501
8	-0.250000	63.226757	0.001556
9	-0.150000	67.052582	0.001546
10	-0.050000	68.801788	0.001577
11	0.050000	68.784195	0.001574
12	0.150000	67.078232	0.001583
13	0.250000	63.500927	0.001561
14	0.350000	57.733246	0.001545
15	0.450000	49.568993	0.001427
16	0.550000	39.217651	0.001279
17	0.650000	27.553249	0.001092
18	0.750000	16.163630	0.000880
19	0.850000	7.016172	0.000528
20	0.950000	1.518196	0.000416


bin4
AFB=-0.001513	FH=0.003739
AngularFormat:	[F_H/2 + 3/4*(1-F_H)*(1-CosThetaL^2) + AFB*CosThetaL]
Index	CosThetaL	SignalYield	Efficiency
1	-0.950000	1.468029	0.000650
2	-0.850000	5.671197	0.000863
3	-0.750000	10.633865	0.001206
4	-0.650000	15.408061	0.001178
5	-0.550000	19.418871	0.001223
6	-0.450000	22.420795	0.001231
7	-0.350000	24.422050	0.001284
8	-0.250000	25.593416	0.001221
9	-0.150000	26.175692	0.001238
10	-0.050000	26.397148	0.001200
11	0.050000	26.409826	0.001185
12	0.150000	26.250862	0.001201
13	0.250000	25.832487	0.001222
14	0.350000	24.961655	0.001275
15	0.450000	23.387722	0.001360
16	0.550000	20.873981	0.001376
17	0.650000	17.286203	0.001369
18	0.750000	12.688789	0.001236
19	0.850000	7.436503	0.001210
20	0.950000	2.247158	0.001096


bin6
AFB=0.011368	FH=0.025522
AngularFormat:	[F_H/2 + 3/4*(1-F_H)*(1-CosThetaL^2) + AFB*CosThetaL]
Index	CosThetaL	SignalYield	Efficiency
1	-0.950000	1.472809	0.001356
2	-0.850000	4.450523	0.001223
3	-0.750000	7.206211	0.001387
4	-0.650000	9.519974	0.001410
5	-0.550000	11.315280	0.001373
6	-0.450000	12.606359	0.001290
7	-0.350000	13.461119	0.001241
8	-0.250000	13.974479	0.001247
9	-0.150000	14.248158	0.001212
10	-0.050000	14.374140	0.001219
11	0.050000	14.420145	0.001177
12	0.150000	14.416708	0.001202
13	0.250000	14.346514	0.001282
14	0.350000	14.137900	0.001328
15	0.450000	13.665537	0.001343
16	0.550000	12.762517	0.001542
17	0.650000	11.249193	0.001561
18	0.750000	8.985326	0.001617
19	0.850000	5.953225	0.001600
20	0.950000	2.380774	0.001571


bin7
AFB=0.037067	FH=0.074289
AngularFormat:	[F_H/2 + 3/4*(1-F_H)*(1-CosThetaL^2) + AFB*CosThetaL]
Index	CosThetaL	SignalYield	Efficiency
1	-0.950000	1.988092	0.001748
2	-0.850000	6.111722	0.001710
3	-0.750000	9.486879	0.001865
4	-0.650000	11.849134	0.001740
5	-0.550000	13.405243	0.001578
6	-0.450000	14.470793	0.001429
7	-0.350000	15.291135	0.001425
8	-0.250000	15.985934	0.001389
9	-0.150000	16.567341	0.001429
10	-0.050000	16.991407	0.001390
11	0.050000	17.212008	0.001381
12	0.150000	17.216232	0.001375
13	0.250000	17.029774	0.001432
14	0.350000	16.690554	0.001494
15	0.450000	16.198412	0.001620
16	0.550000	15.458422	0.001669
17	0.650000	14.244906	0.001890
18	0.750000	12.223013	0.001859
19	0.850000	9.074245	0.002041
20	0.950000	4.782061	0.002124


bin8
AFB=0.047738	FH=0.101537
AngularFormat:	[F_H/2 + 3/4*(1-F_H)*(1-CosThetaL^2) + AFB*CosThetaL]
Index	CosThetaL	SignalYield	Efficiency
1	-0.950000	2.495610	0.002133
2	-0.850000	6.185441	0.002135
3	-0.750000	8.673090	0.001754
4	-0.650000	10.324374	0.001599
5	-0.550000	11.470237	0.001476
6	-0.450000	12.338551	0.001405
7	-0.350000	13.044592	0.001375
8	-0.250000	13.616216	0.001268
9	-0.150000	14.034101	0.001285
10	-0.050000	14.271789	0.001252
11	0.050000	14.324539	0.001249
12	0.150000	14.220393	0.001323
13	0.250000	14.011146	0.001308
14	0.350000	13.745291	0.001280
15	0.450000	13.429288	0.001412
16	0.550000	12.987903	0.001510
17	0.650000	12.238634	0.001757
18	0.750000	10.899642	0.001781
19	0.850000	8.654879	0.001929
20	0.950000	5.304469	0.002198


bin9
AFB=-0.137991	FH=0.378563
AngularFormat:	[F_H/2 + 3/4*(1-F_H)*(1-CosThetaL^2) + AFB*CosThetaL]
Index	CosThetaL	SignalYield	Efficiency
1	-0.950000	2.577063	0.000073
2	-0.850000	6.092815	0.000194
3	-0.750000	12.399503	0.000350
4	-0.650000	22.044134	0.000687
5	-0.550000	34.628796	0.000918
6	-0.450000	48.577374	0.001306
7	-0.350000	61.561695	0.001520
8	-0.250000	71.463501	0.001716
9	-0.150000	77.232117	0.001845
10	-0.050000	78.979446	0.001841
11	0.050000	77.291275	0.001887
12	0.150000	72.462852	0.001814
13	0.250000	64.415794	0.001726
14	0.350000	53.330002	0.001571
15	0.450000	40.280869	0.001288
16	0.550000	27.179539	0.001011
17	0.650000	16.008196	0.000690
18	0.750000	7.968948	0.000428
19	0.850000	3.151856	0.000212
20	0.950000	0.822951	0.000119


bin10
AFB=0.002008	FH=0.004391
AngularFormat:	[F_H/2 + 3/4*(1-F_H)*(1-CosThetaL^2) + AFB*CosThetaL]
Index	CosThetaL	SignalYield	Efficiency
1	-0.950000	8.387511	0.000670
2	-0.850000	27.726135	0.000782
3	-0.750000	52.002598	0.000951
4	-0.650000	79.835793	0.001098
5	-0.550000	108.429497	0.001199
6	-0.450000	135.023026	0.001326
7	-0.350000	157.566376	0.001421
8	-0.250000	174.876373	0.001473
9	-0.150000	186.488541	0.001518
10	-0.050000	192.378540	0.001506
11	0.050000	192.684708	0.001515
12	0.150000	187.522797	0.001505
13	0.250000	176.941635	0.001486
14	0.350000	161.027710	0.001439
15	0.450000	140.124588	0.001380
16	0.550000	115.092476	0.001296
17	0.650000	87.490601	0.001203
18	0.750000	59.524971	0.001047
19	0.850000	33.561493	0.000925
20	0.950000	10.963727	0.000861


